# Number of parameters = 144  Objective function value = 877.852  Maximum gradient component = 3.70421e-10
# q1:
1.00000000000
# mean_log_rec:
18.8237946829
# rec_dev:
 -1.54247617005 -0.725494979162 -0.785179474185 -0.842745763102 -0.897009678934 -0.947717195953 -1.00082541208 -1.03427834267 -1.04316586663 -1.02884615899 -0.991588085201 -0.931006247093 -0.884751094031 -0.869218180567 -0.896793454785 -0.850897894366 -0.859220553561 -0.885372221203 -0.890386589688 -0.856215931457 -0.803329079770 -0.711582612653 -0.655526785137 -0.163428167501 0.0826846139833 0.357601683143 0.587819449434 0.0624229510810 0.294971855003 0.0993321248424 0.0648159645727 0.186456158477 0.518786787356 0.526425584783 0.0546534442385 0.144482680042 0.520210388629 0.617938131072 0.786949434536 0.666871071468 0.571693263141 0.662215083707 0.458785265898 0.396519986360 0.535380787193 0.339117380717 0.255855822730 0.213743291205 0.346237360642 0.532877809880 0.693384269028 0.903704659574 1.05290643942 1.27756086085 0.834253352267 0.608261475350 0.684468379375 0.850719421855 0.903686465522 1.02734944347 0.550116535680 0.485695263185 0.288926304107 0.347135134231 0.704039560723
# log_avg_fmort:
-4.47166403078
# fmort_dev:
 -1.52407574588 -1.54494936977 -1.56178526657 -1.57741323616 -1.59304229081 -0.0664283720993 -0.155283517081 -0.452428082465 -0.712639135524 -0.369007298573 -0.836160763327 0.456061554559 1.23677763199 0.498250881985 -0.132415615019 -0.144647795002 0.845911131253 0.611462995567 0.396307194647 0.332381429611 0.205535938055 -0.313265698080 -0.0602224418934 -0.702165735087 -1.54679984146 -1.82683691073 -0.504453876908 -0.506320439994 -1.21789026350 -0.191062757823 0.0223147414190 0.436315865202 0.380904919491 0.772357293384 0.529326736540 0.735618303972 0.425025089573 0.208066844581 0.430611215210 0.839474202284 0.654842235387 0.701672948168 1.01679909345 0.307301556669 0.502051581421 0.784314251860 0.666253033971 0.777942484196 0.604701966887 0.567150823763 0.796486775680 0.394778689859 0.402295043131
# log_selcoffs_fish:
 -2.40131307217 -1.45810713240 -0.756261290351 -0.312544382904 0.0243809757258 0.349211923894 0.542326958358 0.527456372698 0.481482663000
 -2.28792968024 -1.57209085242 -0.940318623451 -0.447267746526 -0.0902432342936 0.184006302944 0.419648874121 0.626135872638 0.767098190156
# log_selcoffs_srv1:
 0.00000000000 0.00000000000 0.00000000000 0.00000000000 0.00000000000 0.00000000000 0.00000000000 0.00000000000 0.00000000000
 0.00000000000 0.00000000000 0.00000000000 0.00000000000 0.00000000000 0.00000000000 0.00000000000 0.00000000000 0.00000000000
# fish_slope_f:
2.55000000000
# fish_sel50_f:
4.50000000000
# fish_slope_m:
1.02500000000
# fish_sel50_m:
13.0000000000
# srv1_slope_f:
1.10846764837
# srv1_sel50_f:
1.29979325493
# srv1_slope_m:
0.639899994348
# srv1_sel50_m:
2.30191669919
# sexr_param_fish:
1.00000000000
# sexr_param_srv:
0.625000000000
# F40:
0.172011015054
# F35:
0.204329543768
