$Estimated.numbers.of.female.fish
 6.23355e+07 4.85241e+07 3.7307e+07 2.93953e+07 2.37253e+07 1.96154e+07 1.66273e+07 1.43609e+07 1.23674e+07 1.06838e+07 9.26031e+06 8.04386e+06 1.60783e+07
 6.35745e+07 5.10294e+07 3.97157e+07 3.05255e+07 2.40435e+07 1.93981e+07 1.60295e+07 1.35828e+07 1.17318e+07 1.01043e+07 8.72871e+06 7.56574e+06 1.97079e+07
 6.19565e+07 5.20438e+07 4.17665e+07 3.24968e+07 2.49684e+07 1.96588e+07 1.58526e+07 1.30951e+07 1.10966e+07 9.58541e+06 8.25563e+06 7.13173e+06 2.22838e+07
 6.41856e+07 5.07194e+07 4.25971e+07 3.41752e+07 2.65813e+07 2.04155e+07 1.60661e+07 1.2951e+07 1.06986e+07 9.06673e+06 7.83196e+06 6.74544e+06 2.40345e+07
 6.32084e+07 5.25443e+07 4.15133e+07 3.48551e+07 2.79546e+07 2.17347e+07 1.6685e+07 1.31259e+07 1.05812e+07 8.74179e+06 7.40841e+06 6.39948e+06 2.51502e+07
 6.23163e+07 5.17445e+07 4.30071e+07 3.39686e+07 2.85111e+07 2.28581e+07 1.77637e+07 1.3632e+07 1.07245e+07 8.64619e+06 7.14313e+06 6.05359e+06 2.578e+07
 6.18669e+07 5.0992e+07 4.23081e+07 3.5118e+07 2.76957e+07 2.32065e+07 1.85644e+07 1.44046e+07 1.10559e+07 8.70153e+06 7.01524e+06 5.7957e+06 2.58288e+07
 6.36491e+07 5.06267e+07 4.16977e+07 3.4555e+07 2.8643e+07 2.25541e+07 1.88603e+07 1.50662e+07 1.16919e+07 8.97736e+06 7.0656e+06 5.69634e+06 2.56789e+07
 6.67173e+07 5.20919e+07 4.1412e+07 3.40777e+07 2.82115e+07 2.33578e+07 1.83649e+07 1.5341e+07 1.22562e+07 9.514e+06 7.30508e+06 5.74944e+06 2.55308e+07
 7.22455e+07 5.46077e+07 4.26193e+07 3.38582e+07 2.78398e+07 2.30268e+07 1.90432e+07 1.49604e+07 1.24982e+07 9.98717e+06 7.75265e+06 5.95268e+06 2.54892e+07
 7.68303e+07 5.91255e+07 4.46648e+07 3.48255e+07 2.76358e+07 2.26949e+07 1.87409e+07 1.54809e+07 1.21633e+07 1.01646e+07 8.12243e+06 6.30512e+06 2.55713e+07
 1.15946e+08 6.28872e+07 4.83778e+07 3.65236e+07 2.84578e+07 2.25649e+07 1.85117e+07 1.52755e+07 1.26193e+07 9.91693e+06 8.28731e+06 6.62232e+06 2.59892e+07
 1.61102e+08 9.48398e+07 5.13714e+07 3.94315e+07 2.96938e+07 2.30699e+07 1.82249e+07 1.49122e+07 1.23086e+07 1.01755e+07 7.99642e+06 6.6824e+06 2.6296e+07
 2.08215e+08 1.3163e+08 7.72654e+07 4.16497e+07 3.17922e+07 2.3791e+07 1.83343e+07 1.44011e+07 1.17904e+07 9.74694e+06 8.0578e+06 6.33223e+06 2.61151e+07
 2.61926e+08 1.70305e+08 1.07514e+08 6.29635e+07 3.385e+07 2.57607e+07 1.92026e+07 1.47577e+07 1.15951e+07 9.5001e+06 7.8536e+06 6.49257e+06 2.61444e+07
 1.54978e+08 2.14335e+08 1.39258e+08 8.7805e+07 5.13479e+07 2.75609e+07 2.0931e+07 1.55795e+07 1.19751e+07 9.41253e+06 7.71189e+06 6.37531e+06 2.64937e+07
 1.98205e+08 1.26819e+08 1.75263e+08 1.13732e+08 7.1609e+07 4.18098e+07 2.23951e+07 1.69831e+07 1.26429e+07 9.72171e+06 7.64134e+06 6.26071e+06 2.66839e+07
 1.64126e+08 1.62049e+08 1.03479e+08 1.42532e+08 9.21401e+07 5.77646e+07 3.3539e+07 1.78945e+07 1.35756e+07 1.0117e+07 7.77941e+06 6.11469e+06 2.63627e+07
 1.61908e+08 1.34226e+08 1.32318e+08 8.42716e+07 1.15725e+08 7.45553e+07 4.65342e+07 2.69345e+07 1.43753e+07 1.0915e+07 8.13418e+06 6.25476e+06 2.61122e+07
 1.84154e+08 1.3244e+08 1.09657e+08 1.07869e+08 6.85324e+07 9.38521e+07 6.02483e+07 3.751e+07 2.17168e+07 1.15984e+07 8.80652e+06 6.5629e+06 2.61147e+07
 2.54626e+08 1.50646e+08 1.08212e+08 8.94174e+07 8.77579e+07 5.5611e+07 7.5902e+07 4.86103e+07 3.02716e+07 1.75373e+07 9.36625e+06 7.11167e+06 2.63886e+07
 2.55031e+08 2.08316e+08 1.23117e+08 8.82814e+07 7.28013e+07 7.1287e+07 4.50403e+07 6.13465e+07 3.92968e+07 2.44856e+07 1.41852e+07 7.576e+06 2.70971e+07
 1.57899e+08 2.08709e+08 1.70372e+08 1.00586e+08 7.20393e+07 5.93265e+07 5.79905e+07 3.65941e+07 4.98488e+07 3.19424e+07 1.99031e+07 1.15305e+07 2.8184e+07
 1.72499e+08 1.29203e+08 1.70642e+08 1.3911e+08 8.20027e+07 5.86274e+07 4.81725e+07 4.70129e+07 2.96717e+07 4.04364e+07 2.59111e+07 1.6145e+07 3.22157e+07
 2.51581e+08 1.41188e+08 1.05706e+08 1.39511e+08 1.13639e+08 6.69268e+07 4.77923e+07 3.92369e+07 3.82956e+07 2.41753e+07 3.2946e+07 2.11114e+07 3.94024e+07
 2.76353e+08 2.05951e+08 1.15559e+08 8.64923e+07 1.14113e+08 9.29146e+07 5.46934e+07 3.90425e+07 3.20546e+07 3.12887e+07 1.97519e+07 2.69179e+07 4.94416e+07
 3.29235e+08 2.26237e+08 1.68579e+08 9.45686e+07 7.07628e+07 9.33325e+07 7.59657e+07 4.47045e+07 3.19129e+07 2.6203e+07 2.55769e+07 1.61462e+07 6.24199e+07
 2.94651e+08 2.69458e+08 1.85066e+08 1.37783e+08 7.72171e+07 5.77152e+07 7.60145e+07 6.18077e+07 3.63766e+07 2.5975e+07 2.13275e+07 2.08179e+07 6.39476e+07
 2.67746e+08 2.41153e+08 2.20422e+08 1.51258e+08 1.12503e+08 6.298e+07 4.70066e+07 6.18483e+07 5.02943e+07 2.96085e+07 2.11422e+07 1.73594e+07 6.89944e+07
 2.91495e+08 2.19173e+08 1.97355e+08 1.80314e+08 1.23676e+08 9.19381e+07 5.14315e+07 3.83682e+07 5.0485e+07 4.10593e+07 2.41718e+07 1.72601e+07 7.04975e+07
 2.3784e+08 2.38539e+08 1.79231e+08 1.61201e+08 1.47085e+08 1.00732e+08 7.47361e+07 4.1751e+07 3.11509e+07 4.10037e+07 3.33482e+07 1.96322e+07 7.12764e+07
 2.23501e+08 1.94609e+08 1.95013e+08 1.46316e+08 1.3138e+08 1.19652e+08 8.1747e+07 6.05473e+07 3.38304e+07 2.52528e+07 3.32402e+07 2.70341e+07 7.36962e+07
 2.5579e+08 1.8282e+08 1.58979e+08 1.58963e+08 1.18971e+08 1.06525e+08 9.66623e+07 6.5871e+07 4.88013e+07 2.72864e+07 2.03681e+07 2.68104e+07 8.12456e+07
 2.08856e+08 2.09242e+08 1.49366e+08 1.29621e+08 1.29302e+08 9.65143e+07 8.61206e+07 7.79571e+07 5.31375e+07 3.93935e+07 2.20262e+07 1.64416e+07 8.72252e+07
 1.90992e+08 1.70778e+08 1.70782e+08 1.21541e+08 1.05107e+08 1.04435e+08 7.75562e+07 6.89559e+07 6.24425e+07 4.26038e+07 3.15844e+07 1.76598e+07 8.31164e+07
 1.84019e+08 1.56214e+08 1.39481e+08 1.39152e+08 9.87601e+07 8.5142e+07 8.426e+07 6.23973e+07 5.5494e+07 5.02906e+07 3.43127e+07 2.54378e+07 8.11643e+07
 2.11471e+08 1.50475e+08 1.27514e+08 1.13522e+08 1.12873e+08 7.98048e+07 6.84625e+07 6.75187e+07 5.00176e+07 4.45258e+07 4.03508e+07 2.75309e+07 8.55325e+07
 2.56245e+08 1.72981e+08 1.22929e+08 1.03947e+08 9.23121e+07 9.15285e+07 6.44802e+07 5.51754e+07 5.44289e+07 4.03486e+07 3.59184e+07 3.25505e+07 9.12069e+07
 3.00849e+08 2.09642e+08 1.41374e+08 1.00293e+08 8.46381e+07 7.49957e+07 7.41432e+07 5.21256e+07 4.4613e+07 4.40339e+07 3.26427e+07 2.90586e+07 1.00122e+08
 3.72338e+08 2.46089e+08 1.71261e+08 1.15241e+08 8.15512e+07 6.86281e+07 6.05889e+07 5.97469e+07 4.20155e+07 3.5985e+07 3.55179e+07 2.63297e+07 1.04197e+08
 4.31186e+08 3.04426e+08 2.00811e+08 1.39295e+08 9.33811e+07 6.58023e+07 5.50726e+07 4.84342e+07 4.778e+07 3.36352e+07 2.88075e+07 2.84336e+07 1.04492e+08
 5.39226e+08 3.52622e+08 2.48554e+08 1.63511e+08 1.13069e+08 7.55333e+07 5.29839e+07 4.42025e+07 3.88871e+07 3.83952e+07 2.70287e+07 2.31493e+07 1.06817e+08
 3.4625e+08 4.40954e+08 2.87867e+08 2.02335e+08 1.32673e+08 9.1407e+07 6.07723e+07 4.24869e+07 3.54574e+07 3.1222e+07 3.0827e+07 2.1701e+07 1.04348e+08
 2.75681e+08 2.83022e+08 3.59594e+08 2.33843e+08 1.63632e+08 1.06756e+08 7.30731e+07 4.83605e+07 3.38254e+07 2.82641e+07 2.4888e+07 2.45732e+07 1.00478e+08
 2.97523e+08 2.25527e+08 2.31268e+08 2.93278e+08 1.90301e+08 1.32834e+08 8.63859e+07 5.89972e+07 3.90539e+07 2.73327e+07 2.28389e+07 2.01108e+07 1.01048e+08
 3.47747e+08 2.43354e+08 1.84211e+08 1.88463e+08 2.38362e+08 1.54204e+08 1.0722e+08 6.9538e+07 4.75042e+07 3.14693e+07 2.20245e+07 1.84034e+07 9.76286e+07
 3.68086e+08 2.84344e+08 1.98618e+08 1.49887e+08 1.52808e+08 1.92499e+08 1.23895e+08 8.58343e+07 5.56888e+07 3.80807e+07 2.52267e+07 1.76555e+07 9.30145e+07
 4.13094e+08 3.01017e+08 2.32154e+08 1.61721e+08 1.21662e+08 1.23595e+08 1.54987e+08 9.94303e+07 6.89081e+07 4.47463e+07 3.05981e+07 2.02698e+07 8.89239e+07
 2.56312e+08 3.37778e+08 2.45685e+08 1.88902e+08 1.31131e+08 9.82583e+07 9.93092e+07 1.24084e+08 7.96347e+07 5.52431e+07 3.58728e+07 2.45303e+07 8.75399e+07
 2.36313e+08 2.09623e+08 2.75824e+08 2.00107e+08 1.53404e+08 1.06134e+08 7.91854e+07 7.97895e+07 9.9726e+07 6.40547e+07 4.44352e+07 2.88546e+07 9.01445e+07
 1.9193e+08 1.93275e+08 1.71191e+08 2.24696e+08 1.62551e+08 1.24213e+08 8.55811e+07 6.36641e+07 6.4169e+07 8.02663e+07 5.15556e+07 3.57645e+07 9.57786e+07
 2.0048e+08 1.56933e+08 1.57737e+08 1.39278e+08 1.82155e+08 1.31242e+08 9.97646e+07 6.84835e+07 5.09644e+07 5.142e+07 6.43191e+07 4.13126e+07 1.05408e+08
 2.93839e+08 1.63995e+08 1.28212e+08 1.28599e+08 1.13277e+08 1.47748e+08 1.06079e+08 8.04376e+07 5.52304e+07 4.11292e+07 4.14969e+07 5.19067e+07 1.18407e+08
$Estimated.numbers.of.male.fish
 6.23355e+07 4.17651e+07 2.76377e+07 1.87433e+07 1.30207e+07 9.26564e+06 6.76015e+06 5.02544e+06 3.725e+06 2.76966e+06 2.06625e+06 1.54482e+06 1.63137e+06
 6.35745e+07 4.39215e+07 2.9424e+07 1.94669e+07 1.3198e+07 9.16527e+06 6.5197e+06 4.75499e+06 3.53365e+06 2.61866e+06 1.94706e+06 1.45257e+06 2.23285e+06
 6.19565e+07 4.47947e+07 3.09434e+07 2.07253e+07 1.37077e+07 9.29025e+06 6.44927e+06 4.58604e+06 3.34363e+06 2.48426e+06 1.841e+06 1.36885e+06 2.59097e+06
 6.41856e+07 4.36548e+07 3.15587e+07 2.17957e+07 1.4594e+07 9.64925e+06 6.53737e+06 4.53664e+06 3.22494e+06 2.35077e+06 1.74659e+06 1.29433e+06 2.78398e+06
 6.32084e+07 4.52254e+07 3.07557e+07 2.22292e+07 1.53479e+07 1.02733e+07 6.79015e+06 4.59874e+06 3.19031e+06 2.26741e+06 1.65279e+06 1.228e+06 2.86741e+06
 6.23163e+07 4.4537e+07 3.18624e+07 2.16638e+07 1.56534e+07 1.08042e+07 7.22947e+06 4.77669e+06 3.2341e+06 2.24315e+06 1.59424e+06 1.1621e+06 2.87953e+06
 6.18669e+07 4.389e+07 3.13511e+07 2.24082e+07 1.52159e+07 1.09779e+07 7.56528e+06 5.05429e+06 3.33475e+06 2.25567e+06 1.56452e+06 1.11193e+06 2.8189e+06
 6.36491e+07 4.35755e+07 3.08985e+07 2.20524e+07 1.57432e+07 1.06754e+07 7.6911e+06 5.29265e+06 3.53137e+06 2.32793e+06 1.57464e+06 1.09216e+06 2.74404e+06
 6.67173e+07 4.48364e+07 3.06848e+07 2.17442e+07 1.55053e+07 1.10579e+07 7.4904e+06 5.39072e+06 3.70606e+06 2.47117e+06 1.62902e+06 1.1019e+06 2.68448e+06
 7.22455e+07 4.70017e+07 3.1578e+07 2.16006e+07 1.52964e+07 1.08989e+07 7.76644e+06 5.25653e+06 3.78022e+06 2.59757e+06 1.73204e+06 1.14178e+06 2.65386e+06
 7.68303e+07 5.08904e+07 3.30953e+07 2.22198e+07 1.51846e+07 1.0741e+07 7.64431e+06 5.44097e+06 3.67872e+06 2.64369e+06 1.8166e+06 1.21129e+06 2.65447e+06
 1.15946e+08 5.41279e+07 3.58441e+07 2.33003e+07 1.56341e+07 1.06766e+07 7.5468e+06 5.36711e+06 3.81762e+06 2.58001e+06 1.85411e+06 1.27405e+06 2.71119e+06
 1.61102e+08 8.16316e+07 3.80744e+07 2.51738e+07 1.63282e+07 1.09282e+07 7.44326e+06 5.24745e+06 3.72291e+06 2.64386e+06 1.78676e+06 1.28405e+06 2.75994e+06
 2.08215e+08 1.13302e+08 5.72978e+07 2.66334e+07 1.75248e+07 1.13041e+07 7.52211e+06 5.09394e+06 3.57237e+06 2.52562e+06 1.79359e+06 1.21214e+06 2.74344e+06
 2.61926e+08 1.46587e+08 7.96912e+07 4.02346e+07 1.86589e+07 1.2245e+07 7.87663e+06 5.22692e+06 3.53074e+06 2.47195e+06 1.74764e+06 1.2411e+06 2.73712e+06
 1.54978e+08 1.84483e+08 1.03194e+08 5.60515e+07 2.82645e+07 1.30892e+07 8.57713e+06 5.50913e+06 3.65093e+06 2.46396e+06 1.72507e+06 1.21961e+06 2.77624e+06
 1.98205e+08 1.09156e+08 1.29872e+08 7.25834e+07 3.93767e+07 1.98282e+07 9.16888e+06 5.99945e+06 3.84833e+06 2.54804e+06 1.71964e+06 1.20396e+06 2.78876e+06
 1.64126e+08 1.39483e+08 7.67124e+07 9.10575e+07 5.07225e+07 2.74128e+07 1.37491e+07 6.33277e+06 4.12879e+06 2.64204e+06 1.74934e+06 1.1806e+06 2.74117e+06
 1.61908e+08 1.15533e+08 9.80807e+07 5.38419e+07 6.3743e+07 3.54005e+07 1.90721e+07 9.53585e+06 4.37962e+06 2.84995e+06 1.8237e+06 1.2075e+06 2.70705e+06
 1.84154e+08 1.13995e+08 8.12735e+07 6.88928e+07 3.77392e+07 4.45706e+07 2.46902e+07 1.32683e+07 6.61873e+06 3.03517e+06 1.97507e+06 1.26386e+06 2.71287e+06
 2.54626e+08 1.29665e+08 8.02e+07 5.70985e+07 4.83044e+07 2.64006e+07 3.11053e+07 1.71901e+07 9.21781e+06 4.59155e+06 2.10556e+06 1.37015e+06 2.75874e+06
 2.55031e+08 1.79303e+08 9.12421e+07 5.63646e+07 4.00586e+07 3.38208e+07 1.84458e+07 2.16875e+07 1.19626e+07 6.40647e+06 3.19118e+06 1.46339e+06 2.86963e+06
 1.57899e+08 1.7964e+08 1.26245e+08 6.41948e+07 3.96149e+07 2.81209e+07 2.37123e+07 1.29166e+07 1.51693e+07 8.36087e+06 4.47761e+06 2.23038e+06 3.02843e+06
 1.72499e+08 1.11208e+08 1.26451e+08 8.87811e+07 4.50844e+07 2.7779e+07 1.96875e+07 1.65745e+07 9.0153e+06 1.05773e+07 5.8299e+06 3.12216e+06 3.66688e+06
 2.51581e+08 1.21523e+08 7.83218e+07 8.9013e+07 6.24519e+07 3.16884e+07 1.95086e+07 1.38145e+07 1.16212e+07 6.31786e+06 7.41252e+06 4.08555e+06 4.75772e+06
 2.76353e+08 1.77264e+08 8.56146e+07 5.51671e+07 6.26787e+07 4.39605e+07 2.22977e+07 1.37224e+07 9.71396e+06 8.16995e+06 4.44158e+06 5.21114e+06 6.21699e+06
 3.29235e+08 1.94724e+08 1.24893e+08 6.03107e+07 3.88533e+07 4.41322e+07 3.09442e+07 1.56914e+07 9.65434e+06 6.83309e+06 5.74698e+06 3.12434e+06 8.03889e+06
 2.94651e+08 2.31927e+08 1.37124e+08 8.7896e+07 4.2409e+07 2.72941e+07 3.09709e+07 2.16939e+07 1.09905e+07 6.75787e+06 4.78304e+06 4.02278e+06 7.81405e+06
 2.67746e+08 2.07565e+08 1.63322e+08 9.65047e+07 6.18066e+07 2.97921e+07 1.91545e+07 2.17128e+07 1.51949e+07 7.69323e+06 4.73045e+06 3.34809e+06 8.2857e+06
 2.91495e+08 1.88645e+08 1.46219e+08 1.15018e+08 6.79343e+07 4.34879e+07 2.09516e+07 1.34639e+07 1.52553e+07 1.06726e+07 5.40359e+06 3.32259e+06 8.17136e+06
 2.3784e+08 2.05315e+08 1.3281e+08 1.02856e+08 8.08149e+07 4.76689e+07 3.04728e+07 1.46609e+07 9.40949e+06 1.06524e+07 7.45246e+06 3.77321e+06 8.02598e+06
 2.23501e+08 1.67504e+08 1.44513e+08 9.33845e+07 7.22194e+07 5.66502e+07 3.33581e+07 2.1288e+07 1.0226e+07 6.5563e+06 7.42235e+06 5.19269e+06 8.22138e+06
 2.5579e+08 1.57359e+08 1.17829e+08 1.015e+08 6.54478e+07 5.04887e+07 3.95017e+07 2.32002e+07 1.47707e+07 7.08418e+06 4.54195e+06 5.14192e+06 9.29275e+06
 2.08856e+08 1.80101e+08 1.10703e+08 8.2773e+07 7.11568e+07 4.57744e+07 3.52255e+07 2.74927e+07 1.61111e+07 1.02421e+07 4.9122e+06 3.14941e+06 1.00091e+07
 1.90992e+08 1.46995e+08 1.266e+08 7.76505e+07 5.78843e+07 4.95882e+07 3.17841e+07 2.43711e+07 1.89584e+07 1.10854e+07 7.0472e+06 3.3799e+06 9.05384e+06
 1.84019e+08 1.34458e+08 1.03384e+08 8.88901e+07 5.43917e+07 4.04357e+07 3.45419e+07 2.20773e+07 1.68844e+07 1.31118e+07 7.66682e+06 4.87392e+06 8.59932e+06
 2.11471e+08 1.2952e+08 9.45244e+07 7.25287e+07 6.21788e+07 3.79196e+07 2.80916e+07 2.39135e+07 1.52356e+07 1.16273e+07 9.02929e+06 5.27965e+06 9.27817e+06
 2.56245e+08 1.4889e+08 9.1111e+07 6.63922e+07 5.0834e+07 4.34728e+07 2.64438e+07 1.954e+07 1.6595e+07 1.05565e+07 8.0563e+06 6.25623e+06 1.00868e+07
 3.00849e+08 1.80445e+08 1.04772e+08 6.40356e+07 4.65821e+07 3.55955e+07 3.03781e+07 1.84405e+07 1.36006e+07 1.15362e+07 7.33845e+06 5.60044e+06 1.13611e+07
 3.72338e+08 2.11817e+08 1.26932e+08 7.35886e+07 4.48796e+07 3.25664e+07 2.48213e+07 2.11286e+07 1.27956e+07 9.42245e+06 7.99228e+06 5.08407e+06 1.17509e+07
 4.31186e+08 2.62033e+08 1.48868e+08 8.90044e+07 5.14328e+07 3.12506e+07 2.25886e+07 1.71498e+07 1.45468e+07 8.78886e+06 6.47195e+06 5.48962e+06 1.15634e+07
 5.39226e+08 3.03515e+08 1.84243e+08 1.04473e+08 6.22936e+07 3.5886e+07 2.1734e+07 1.56592e+07 1.18539e+07 1.0035e+07 6.06292e+06 4.46462e+06 1.17639e+07
 3.4625e+08 3.79546e+08 2.13388e+08 1.29274e+08 7.30967e+07 4.34438e+07 2.49426e+07 1.50553e+07 1.08139e+07 8.16923e+06 6.91572e+06 4.17833e+06 1.1184e+07
 2.75681e+08 2.43611e+08 2.66614e+08 1.49486e+08 9.02115e+07 5.07833e+07 3.00428e+07 1.71691e+07 1.03197e+07 7.39162e+06 5.5839e+06 4.72709e+06 1.05006e+07
 2.97523e+08 1.94118e+08 1.71403e+08 1.87335e+08 1.04836e+08 6.31288e+07 3.54568e+07 2.09283e+07 1.19356e+07 7.16411e+06 5.13139e+06 3.87645e+06 1.05713e+07
 3.47747e+08 2.09462e+08 1.36534e+08 1.20361e+08 1.31246e+08 7.32538e+07 4.39894e+07 2.46391e+07 1.45068e+07 8.25946e+06 4.95759e+06 3.55094e+06 9.99792e+06
 3.68086e+08 2.44746e+08 1.47236e+08 9.57659e+07 8.41646e+07 9.14554e+07 5.08587e+07 3.04298e+07 1.69876e+07 9.97959e+06 5.68191e+06 3.41046e+06 9.32064e+06
 4.13094e+08 2.59097e+08 1.72086e+08 1.03326e+08 6.70235e+07 5.87208e+07 6.36005e+07 3.5254e+07 2.10309e+07 1.17174e+07 6.88358e+06 3.91919e+06 8.78147e+06
 2.56312e+08 2.90739e+08 1.82128e+08 1.20704e+08 7.22549e+07 4.67056e+07 4.0771e+07 4.3999e+07 2.43081e+07 1.44691e+07 8.06151e+06 4.73584e+06 8.73795e+06
 2.36313e+08 1.8043e+08 2.0445e+08 1.27841e+08 8.45099e+07 5.04399e+07 3.25045e+07 2.82878e+07 3.04423e+07 1.67872e+07 9.99234e+06 5.56727e+06 9.30499e+06
 1.9193e+08 1.66358e+08 1.2689e+08 1.43531e+08 8.95276e+07 5.90149e+07 3.51192e+07 2.25649e+07 1.95848e+07 2.10387e+07 1.16016e+07 6.90571e+06 1.02782e+07
 2.0048e+08 1.35078e+08 1.16932e+08 8.89935e+07 1.00353e+08 6.23721e+07 4.09618e+07 2.42857e+07 1.55513e+07 1.3467e+07 1.44668e+07 7.97758e+06 1.18161e+07
 2.93839e+08 1.41155e+08 9.50257e+07 8.21386e+07 6.23832e+07 7.01776e+07 4.35088e+07 2.85026e+07 1.68605e+07 1.07803e+07 9.33543e+06 1.00284e+07 1.37211e+07
$Estimated.numbers.of.female.fish.by.length
 1.51337e+07 2.79337e+07 2.12698e+07 1.69295e+07 2.00771e+07 1.74962e+07 1.59213e+07 1.75489e+07 1.94988e+07 1.98329e+07 1.83452e+07 1.7277e+07 1.62187e+07 1.50281e+07 1.34047e+07 1.14909e+07 8.94945e+06 7.43283e+06 5.61716e+06 2.76626e+06
 1.54361e+07 2.8509e+07 2.1836e+07 1.77143e+07 2.11403e+07 1.84855e+07 1.68613e+07 1.84835e+07 2.02445e+07 2.02234e+07 1.83339e+07 1.69284e+07 1.56378e+07 1.43876e+07 1.29064e+07 1.13245e+07 9.20762e+06 8.09922e+06 6.49108e+06 3.33106e+06
 1.50455e+07 2.78135e+07 2.14961e+07 1.79433e+07 2.16395e+07 1.91187e+07 1.76763e+07 1.94942e+07 2.1364e+07 2.11238e+07 1.87804e+07 1.69729e+07 1.53604e+07 1.39345e+07 1.24755e+07 1.11136e+07 9.32412e+06 8.53258e+06 7.09568e+06 3.72948e+06
 1.55836e+07 2.87726e+07 2.19747e+07 1.76921e+07 2.12245e+07 1.90399e+07 1.7986e+07 2.01096e+07 2.2344e+07 2.22404e+07 1.96416e+07 1.74328e+07 1.54289e+07 1.3731e+07 1.21746e+07 1.09091e+07 9.34429e+06 8.78806e+06 7.49074e+06 3.99788e+06
 1.5349e+07 2.83684e+07 2.18787e+07 1.81395e+07 2.18104e+07 1.92116e+07 1.77941e+07 1.99901e+07 2.27062e+07 2.30689e+07 2.05934e+07 1.82088e+07 1.58528e+07 1.38166e+07 1.20582e+07 1.0768e+07 9.31827e+06 8.91618e+06 7.726e+06 4.16626e+06
 1.51323e+07 2.79672e+07 2.15666e+07 1.78922e+07 2.1616e+07 1.93248e+07 1.81607e+07 2.02634e+07 2.26738e+07 2.32206e+07 2.12005e+07 1.89959e+07 1.65122e+07 1.41873e+07 1.21636e+07 1.07422e+07 9.29773e+06 8.96699e+06 7.84448e+06 4.25841e+06
 1.50228e+07 2.77606e+07 2.13758e+07 1.76531e+07 2.13011e+07 1.90554e+07 1.79783e+07 2.02596e+07 2.29137e+07 2.33358e+07 2.12585e+07 1.93448e+07 1.70371e+07 1.46285e+07 1.23945e+07 1.07921e+07 9.26477e+06 8.92523e+06 7.82758e+06 4.26067e+06
 1.54537e+07 2.85364e+07 2.1821e+07 1.76298e+07 2.11324e+07 1.88558e+07 1.77415e+07 1.99999e+07 2.27523e+07 2.34228e+07 2.14164e+07 1.94783e+07 1.73282e+07 1.50462e+07 1.27502e+07 1.09888e+07 9.31901e+06 8.90663e+06 7.78588e+06 4.23548e+06
 1.61977e+07 2.98994e+07 2.27808e+07 1.81809e+07 2.16464e+07 1.90885e+07 1.76917e+07 1.98211e+07 2.24982e+07 2.32353e+07 2.14384e+07 1.96332e+07 1.75257e+07 1.5335e+07 1.31012e+07 1.1278e+07 9.47107e+06 8.95461e+06 7.77178e+06 4.21467e+06
 1.7538e+07 3.23534e+07 2.45006e+07 1.91602e+07 2.26412e+07 1.98259e+07 1.81704e+07 2.0124e+07 2.25013e+07 2.3044e+07 2.12863e+07 1.9638e+07 1.76699e+07 1.55507e+07 1.33717e+07 1.15611e+07 9.67725e+06 9.0715e+06 7.80846e+06 4.21464e+06
 1.86521e+07 3.44203e+07 2.61516e+07 2.06607e+07 2.44117e+07 2.11485e+07 1.90834e+07 2.09153e+07 2.30667e+07 2.32184e+07 2.1171e+07 1.94936e+07 1.76377e+07 1.56396e+07 1.35324e+07 1.17568e+07 9.85596e+06 9.20953e+06 7.88341e+06 4.23641e+06
 2.81218e+07 5.16018e+07 3.70234e+07 2.36286e+07 2.60889e+07 2.2653e+07 2.05266e+07 2.23584e+07 2.42581e+07 2.39828e+07 2.14792e+07 1.95087e+07 1.7581e+07 1.56545e+07 1.36339e+07 1.19105e+07 1.00227e+07 9.38262e+06 8.02944e+06 4.30946e+06
 3.90814e+07 7.17954e+07 5.2113e+07 3.47148e+07 3.78825e+07 2.97329e+07 2.32108e+07 2.39889e+07 2.58907e+07 2.5288e+07 2.21609e+07 1.97106e+07 1.74819e+07 1.54691e+07 1.35023e+07 1.18633e+07 1.00392e+07 9.44028e+06 8.10563e+06 4.35819e+06
 5.05196e+07 9.29093e+07 6.8197e+07 4.75146e+07 5.29088e+07 4.21997e+07 3.31456e+07 3.21092e+07 3.01476e+07 2.70298e+07 2.31742e+07 2.01474e+07 1.74344e+07 1.51563e+07 1.31333e+07 1.15608e+07 9.83927e+06 9.30261e+06 8.01951e+06 4.32264e+06
 6.35565e+07 1.16938e+08 8.62338e+07 6.12075e+07 6.89481e+07 5.61932e+07 4.57551e+07 4.52352e+07 4.20645e+07 3.42646e+07 2.59574e+07 2.14401e+07 1.8122e+07 1.54097e+07 1.31374e+07 1.14939e+07 9.79827e+06 9.29605e+06 8.0297e+06 4.32909e+06
 3.77189e+07 7.06665e+07 6.1547e+07 6.86952e+07 8.66979e+07 7.16287e+07 5.94092e+07 6.00018e+07 5.77118e+07 4.76749e+07 3.40411e+07 2.5102e+07 1.96305e+07 1.61432e+07 1.34538e+07 1.15913e+07 9.82957e+06 9.34324e+06 8.10309e+06 4.3816e+06
 4.80924e+07 8.84623e+07 6.51597e+07 4.68727e+07 5.76708e+07 6.13344e+07 6.80172e+07 7.56845e+07 7.50226e+07 6.39924e+07 4.66838e+07 3.31523e+07 2.35229e+07 1.77297e+07 1.41138e+07 1.18698e+07 9.93305e+06 9.39227e+06 8.14431e+06 4.40963e+06
 3.98805e+07 7.39938e+07 5.91619e+07 5.41695e+07 6.56772e+07 5.50781e+07 4.96294e+07 6.16246e+07 8.06028e+07 8.03479e+07 6.13305e+07 4.43267e+07 3.0562e+07 2.11658e+07 1.54176e+07 1.22858e+07 1.00168e+07 9.34797e+06 8.05926e+06 4.35685e+06
 3.93158e+07 7.26604e+07 5.60342e+07 4.66742e+07 5.74144e+07 5.41152e+07 5.35031e+07 5.91652e+07 6.63546e+07 7.53403e+07 7.19748e+07 5.72921e+07 4.04889e+07 2.73464e+07 1.84713e+07 1.34968e+07 1.04007e+07 9.43991e+06 8.03621e+06 4.32227e+06
 4.46977e+07 8.23811e+07 6.18315e+07 4.69736e+07 5.53901e+07 4.9711e+07 4.76864e+07 5.58443e+07 6.61897e+07 6.88436e+07 6.62974e+07 6.28776e+07 5.08059e+07 3.57534e+07 2.36164e+07 1.6032e+07 1.13697e+07 9.77783e+06 8.12223e+06 4.33256e+06
 6.17702e+07 1.13485e+08 8.24621e+07 5.54001e+07 6.19543e+07 5.28337e+07 4.70495e+07 5.23665e+07 6.09588e+07 6.58526e+07 6.28846e+07 5.95632e+07 5.40692e+07 4.33545e+07 3.02865e+07 2.01184e+07 1.32475e+07 1.05552e+07 8.37407e+06 4.39528e+06
 6.19258e+07 1.14412e+08 8.78915e+07 7.16307e+07 8.36829e+07 6.73266e+07 5.43025e+07 5.6294e+07 6.04535e+07 6.18365e+07 5.93019e+07 5.69351e+07 5.26638e+07 4.59697e+07 3.58319e+07 2.51525e+07 1.61884e+07 1.2031e+07 8.9429e+06 4.5478e+06
 3.84202e+07 7.18728e+07 6.18464e+07 6.76448e+07 8.67266e+07 7.67226e+07 6.96718e+07 7.21979e+07 7.02962e+07 6.42717e+07 5.71995e+07 5.40199e+07 5.07948e+07 4.58858e+07 3.84597e+07 2.94496e+07 1.97787e+07 1.43471e+07 1.00048e+07 4.8318e+06
 4.18739e+07 7.72342e+07 5.84596e+07 4.62461e+07 5.82281e+07 6.13408e+07 6.8423e+07 7.97446e+07 8.60459e+07 7.78337e+07 6.17541e+07 5.32923e+07 4.85686e+07 4.44471e+07 3.87163e+07 3.16018e+07 2.27294e+07 1.71104e+07 1.18723e+07 5.59904e+06
 6.10237e+07 1.12028e+08 8.07702e+07 5.25947e+07 5.84809e+07 5.12672e+07 4.92258e+07 6.2292e+07 8.32127e+07 8.87029e+07 7.40183e+07 5.92088e+07 4.91005e+07 4.32125e+07 3.7953e+07 3.22225e+07 2.46247e+07 1.97981e+07 1.43623e+07 6.855e+06
 6.70833e+07 1.2372e+08 9.34019e+07 7.19059e+07 8.23793e+07 6.5403e+07 5.19906e+07 5.51711e+07 6.55027e+07 7.80482e+07 7.89389e+07 6.87443e+07 5.48784e+07 4.44268e+07 3.73664e+07 3.19808e+07 2.55664e+07 2.1952e+07 1.70518e+07 8.50269e+06
 7.9901e+07 1.47146e+08 1.09547e+08 8.07201e+07 9.32505e+07 7.98194e+07 6.95795e+07 7.06865e+07 6.87074e+07 6.72812e+07 6.86093e+07 6.94405e+07 6.13482e+07 4.90732e+07 3.86259e+07 3.18299e+07 2.58686e+07 2.3485e+07 1.9606e+07 1.03856e+07
 7.1575e+07 1.3256e+08 1.04236e+08 9.12733e+07 1.09899e+08 9.24299e+07 7.96229e+07 8.41684e+07 8.67175e+07 7.70401e+07 6.41272e+07 6.18593e+07 6.03161e+07 5.31536e+07 4.25083e+07 3.38718e+07 2.68631e+07 2.42905e+07 2.02758e+07 1.06958e+07
 6.50356e+07 1.20408e+08 9.44301e+07 8.25375e+07 1.01981e+08 9.3787e+07 9.02132e+07 9.79654e+07 1.01092e+08 9.27325e+07 7.44002e+07 6.15806e+07 5.57949e+07 5.20405e+07 4.48626e+07 3.64216e+07 2.82947e+07 2.53039e+07 2.13344e+07 1.14353e+07
 7.0761e+07 1.30524e+08 9.87734e+07 7.72901e+07 9.2674e+07 8.53712e+07 8.39874e+07 9.74038e+07 1.11562e+08 1.07915e+08 8.79053e+07 7.07379e+07 5.75775e+07 5.01636e+07 4.46418e+07 3.84087e+07 3.03896e+07 2.66828e+07 2.202e+07 1.1699e+07
 5.77957e+07 1.07275e+08 8.61037e+07 7.98809e+07 9.83221e+07 8.55027e+07 7.8252e+07 8.9337e+07 1.06038e+08 1.12225e+08 9.95928e+07 8.21629e+07 6.4966e+07 5.22626e+07 4.40354e+07 3.85438e+07 3.16945e+07 2.81249e+07 2.284e+07 1.19137e+07
 5.42819e+07 1.00423e+08 7.82208e+07 6.71694e+07 8.34746e+07 7.94208e+07 7.98985e+07 9.03023e+07 1.00701e+08 1.05958e+08 1.00709e+08 9.02871e+07 7.40618e+07 5.80933e+07 4.59285e+07 3.85522e+07 3.20159e+07 2.92012e+07 2.39817e+07 1.24228e+07
 6.20841e+07 1.14413e+08 8.5786e+07 6.50096e+07 7.69782e+07 7.02749e+07 6.89701e+07 8.19309e+07 9.89942e+07 1.03692e+08 9.61418e+07 9.00605e+07 7.93181e+07 6.45021e+07 4.98638e+07 3.96492e+07 3.20213e+07 2.97535e+07 2.54116e+07 1.35566e+07
 5.07524e+07 9.4199e+07 7.55819e+07 6.99868e+07 8.57129e+07 7.32979e+07 6.54589e+07 7.38438e+07 8.81028e+07 9.74087e+07 9.39242e+07 8.75227e+07 7.93108e+07 6.8257e+07 5.45403e+07 4.27032e+07 3.31919e+07 3.02993e+07 2.62225e+07 1.43307e+07
 4.63908e+07 8.58745e+07 6.72591e+07 5.86932e+07 7.32059e+07 6.95078e+07 6.94998e+07 7.74716e+07 8.43287e+07 8.80385e+07 8.65504e+07 8.40021e+07 7.74166e+07 6.8518e+07 5.75061e+07 4.64646e+07 3.56123e+07 3.10907e+07 2.57645e+07 1.37516e+07
 4.46887e+07 8.26309e+07 6.40121e+07 5.39341e+07 6.59495e+07 6.08002e+07 6.0252e+07 7.15867e+07 8.56901e+07 8.79902e+07 8.06356e+07 7.78219e+07 7.41186e+07 6.74828e+07 5.83675e+07 4.88989e+07 3.81176e+07 3.27511e+07 2.62326e+07 1.36103e+07
 5.13264e+07 9.45804e+07 7.08569e+07 5.35129e+07 6.31096e+07 5.69355e+07 5.47039e+07 6.35304e+07 7.65428e+07 8.42916e+07 8.00104e+07 7.39657e+07 6.90652e+07 6.42324e+07 5.7119e+07 4.91973e+07 3.943e+07 3.45117e+07 2.77726e+07 1.4369e+07
 6.21842e+07 1.14484e+08 8.4967e+07 6.18635e+07 7.09838e+07 6.04228e+07 5.36484e+07 5.9839e+07 6.97452e+07 7.60008e+07 7.51044e+07 7.22489e+07 6.65396e+07 6.08647e+07 5.49021e+07 4.86215e+07 4.01275e+07 3.60536e+07 2.95033e+07 1.53403e+07
 7.30151e+07 1.34497e+08 1.00357e+08 7.44178e+07 8.54628e+07 7.13223e+07 6.08426e+07 6.42885e+07 6.90693e+07 7.07941e+07 6.85848e+07 6.75077e+07 6.41735e+07 5.87191e+07 5.25096e+07 4.70954e+07 4.00103e+07 3.71695e+07 3.1387e+07 1.66787e+07
 9.0352e+07 1.66283e+08 1.22971e+08 8.83402e+07 1.00699e+08 8.46889e+07 7.27869e+07 7.58539e+07 7.75304e+07 7.30061e+07 6.52623e+07 6.22579e+07 5.98375e+07 5.61068e+07 5.0665e+07 4.56781e+07 3.94582e+07 3.74771e+07 3.22058e+07 1.72812e+07
 1.04651e+08 1.92817e+08 1.44197e+08 1.07737e+08 1.23787e+08 1.02573e+08 8.63811e+07 8.97081e+07 9.16216e+07 8.33121e+07 6.87068e+07 6.02612e+07 5.55338e+07 5.22322e+07 4.81222e+07 4.40595e+07 3.84971e+07 3.70337e+07 3.21596e+07 1.73322e+07
 1.30845e+08 2.40765e+08 1.77742e+08 1.26894e+08 1.44505e+08 1.2193e+08 1.0514e+08 1.09067e+08 1.09472e+08 9.83383e+07 7.89076e+07 6.45273e+07 5.47889e+07 4.9212e+07 4.51599e+07 4.20121e+07 3.73503e+07 3.65011e+07 3.22202e+07 1.75973e+07
 8.42334e+07 1.5739e+08 1.33997e+08 1.42659e+08 1.78552e+08 1.48001e+08 1.24218e+08 1.29091e+08 1.31956e+08 1.18416e+08 9.32479e+07 7.39105e+07 5.88926e+07 4.91163e+07 4.32015e+07 4.00882e+07 3.61142e+07 3.56137e+07 3.14964e+07 1.71891e+07
 6.69979e+07 1.24428e+08 1.00556e+08 9.62279e+07 1.26281e+08 1.30477e+08 1.40805e+08 1.56115e+08 1.5727e+08 1.40872e+08 1.11563e+08 8.69995e+07 6.67892e+07 5.23582e+07 4.30415e+07 3.84546e+07 3.45009e+07 3.42754e+07 3.0442e+07 1.65956e+07
 7.2226e+07 1.33247e+08 1.01013e+08 7.97529e+07 9.74039e+07 9.50741e+07 1.02486e+08 1.31605e+08 1.68656e+08 1.6847e+08 1.3393e+08 1.04527e+08 7.92416e+07 5.97026e+07 4.60465e+07 3.86012e+07 3.35735e+07 3.33782e+07 3.00578e+07 1.65902e+07
 8.43982e+07 1.55477e+08 1.16117e+08 8.65547e+07 1.00653e+08 8.79638e+07 8.23415e+07 9.92684e+07 1.31699e+08 1.58779e+08 1.51869e+08 1.24785e+08 9.46808e+07 7.0247e+07 5.20507e+07 4.10565e+07 3.378e+07 3.25612e+07 2.90286e+07 1.60142e+07
 8.93611e+07 1.64918e+08 1.25373e+08 9.90991e+07 1.1631e+08 9.83218e+07 8.57668e+07 9.34629e+07 1.07845e+08 1.25468e+08 1.35856e+08 1.32738e+08 1.10451e+08 8.30354e+07 6.03718e+07 4.54828e+07 3.52292e+07 3.23006e+07 2.7998e+07 1.5289e+07
 1.0027e+08 1.84848e+08 1.39048e+08 1.06297e+08 1.24606e+08 1.0832e+08 9.74951e+07 1.04218e+08 1.09995e+08 1.10941e+08 1.1158e+08 1.17905e+08 1.13506e+08 9.46202e+07 7.07433e+07 5.20678e+07 3.82734e+07 3.31563e+07 2.75452e+07 1.47218e+07
 6.23652e+07 1.16656e+08 1.00269e+08 1.09153e+08 1.3846e+08 1.18802e+08 1.05287e+08 1.13814e+08 1.2214e+08 1.1675e+08 1.03294e+08 1.00932e+08 1.01813e+08 9.53991e+07 7.84889e+07 5.94963e+07 4.25908e+07 3.51681e+07 2.80098e+07 1.46195e+07
 5.73974e+07 1.0623e+08 8.31294e+07 7.29281e+07 9.42657e+07 9.89329e+07 1.09153e+08 1.24764e+08 1.3323e+08 1.27662e+08 1.09279e+08 9.65565e+07 9.07569e+07 8.76904e+07 7.90651e+07 6.48575e+07 4.75663e+07 3.84913e+07 2.9676e+07 1.51674e+07
 4.66404e+07 8.65781e+07 6.95818e+07 6.49974e+07 8.15396e+07 7.5839e+07 7.77778e+07 9.98371e+07 1.31669e+08 1.3852e+08 1.18781e+08 1.01506e+08 8.8211e+07 8.05679e+07 7.4278e+07 6.55062e+07 5.11932e+07 4.23495e+07 3.23183e+07 1.62464e+07
 4.86731e+07 8.98504e+07 6.85247e+07 5.51432e+07 6.74282e+07 6.45542e+07 6.64186e+07 7.97074e+07 1.01394e+08 1.22828e+08 1.23109e+08 1.08909e+08 9.15921e+07 7.84515e+07 6.93063e+07 6.23813e+07 5.17827e+07 4.53186e+07 3.55515e+07 1.79179e+07
 7.12731e+07 1.30833e+08 9.42584e+07 6.12333e+07 6.82167e+07 6.00426e+07 5.65635e+07 6.70379e+07 8.43971e+07 9.89226e+07 1.06305e+08 1.08023e+08 9.68509e+07 8.1189e+07 6.80877e+07 5.96446e+07 5.08016e+07 4.70167e+07 3.88229e+07 2.00615e+07
$Estimated.numbers.of.male.fish.by.length
 1.52934e+07 2.84788e+07 2.30041e+07 1.87779e+07 1.9548e+07 1.71221e+07 1.54736e+07 1.56455e+07 1.62253e+07 1.34604e+07 8.23469e+06 3.67366e+06 1.10938e+06 213754 22869.7 1631.37 0 0 0 0
 1.56e+07 2.90806e+07 2.36663e+07 1.96694e+07 2.06056e+07 1.80651e+07 1.62118e+07 1.61205e+07 1.63335e+07 1.32886e+07 8.09946e+06 3.66846e+06 1.14039e+06 228050 25720.2 2232.85 0 0 0 0
 1.5207e+07 2.83945e+07 2.33748e+07 1.99753e+07 2.12085e+07 1.88318e+07 1.70303e+07 1.68656e+07 1.67941e+07 1.33381e+07 8.01272e+06 3.63547e+06 1.14634e+06 234018 27187.5 2590.97 0 0 0 0
 1.57486e+07 2.9344e+07 2.38073e+07 1.97318e+07 2.09919e+07 1.90383e+07 1.75584e+07 1.75721e+07 1.74659e+07 1.36216e+07 8.01797e+06 3.605e+06 1.13983e+06 234891 27725.2 2783.98 0 0 0 0
 1.55133e+07 2.89551e+07 2.37708e+07 2.01817e+07 2.13801e+07 1.90744e+07 1.75893e+07 1.79105e+07 1.80731e+07 1.40534e+07 8.13215e+06 3.59998e+06 1.13088e+06 233178 27689.4 2867.41 0 0 0 0
 1.52942e+07 2.85467e+07 2.34403e+07 1.99591e+07 2.13375e+07 1.9285e+07 1.78121e+07 1.80688e+07 1.83949e+07 1.44653e+07 8.32664e+06 3.63219e+06 1.12717e+06 230883 27357.2 2879.53 0 0 0 0
 1.51833e+07 2.83321e+07 2.32211e+07 1.96936e+07 2.10545e+07 1.91155e+07 1.78098e+07 1.81981e+07 1.85776e+07 1.46874e+07 8.48272e+06 3.67072e+06 1.12453e+06 227840 26745.8 2818.9 0 0 0 0
 1.56175e+07 2.91058e+07 2.36471e+07 1.96471e+07 2.08639e+07 1.89029e+07 1.76371e+07 1.81393e+07 1.86815e+07 1.48623e+07 8.62016e+06 3.72729e+06 1.13279e+06 227148 26310.1 2744.04 0 0 0 0
 1.63687e+07 3.04853e+07 2.46499e+07 2.02115e+07 2.12339e+07 1.89601e+07 1.75175e+07 1.80045e+07 1.86553e+07 1.49795e+07 8.74624e+06 3.79176e+06 1.14986e+06 229217 26243.7 2684.48 0 0 0 0
 1.77219e+07 3.29694e+07 2.64514e+07 2.12607e+07 2.21108e+07 1.95053e+07 1.77569e+07 1.80284e+07 1.85931e+07 1.50161e+07 8.84165e+06 3.85452e+06 1.1709e+06 232964 26551.9 2653.86 0 0 0 0
 1.88484e+07 3.50847e+07 2.82593e+07 2.28887e+07 2.36895e+07 2.05702e+07 1.84057e+07 1.8391e+07 1.8678e+07 1.50037e+07 8.87625e+06 3.89527e+06 1.18868e+06 237008 27048.9 2654.47 0 0 0 0
 2.8399e+07 5.23434e+07 3.92011e+07 2.6019e+07 2.53652e+07 2.20152e+07 1.95668e+07 1.92197e+07 1.91082e+07 1.51163e+07 8.91389e+06 3.93003e+06 1.20626e+06 241655 27651.6 2711.19 0 0 0 0
 3.9472e+07 7.28841e+07 5.53186e+07 3.76913e+07 3.49468e+07 2.66045e+07 2.13521e+07 2.03854e+07 1.98518e+07 1.53243e+07 8.90127e+06 3.91277e+06 1.20464e+06 242409 27913.2 2759.94 0 0 0 0
 5.1031e+07 9.44095e+07 7.27071e+07 5.17604e+07 4.89645e+07 3.7116e+07 2.79797e+07 2.38527e+07 2.11456e+07 1.56501e+07 8.8542e+06 3.83838e+06 1.17761e+06 237204 27422 2743.44 0 0 0 0
 6.42032e+07 1.18877e+08 9.21202e+07 6.69225e+07 6.45007e+07 5.03114e+07 3.86001e+07 3.18375e+07 2.54672e+07 1.69295e+07 9.11475e+06 3.87086e+06 1.17659e+06 236257 27354.3 2737.12 0 0 0 0
 3.81835e+07 7.29349e+07 6.93235e+07 7.60221e+07 8.15524e+07 6.50143e+07 5.11178e+07 4.28946e+07 3.34877e+07 2.01723e+07 9.84691e+06 3.99778e+06 1.19386e+06 237858 27450 2776.24 0 0 0 0
 4.85803e+07 8.99798e+07 7.00056e+07 5.38916e+07 6.23868e+07 6.59765e+07 6.26437e+07 5.56244e+07 4.42576e+07 2.57549e+07 1.1446e+07 4.28191e+06 1.22936e+06 240946 27535.7 2788.76 0 0 0 0
 4.03257e+07 7.57546e+07 6.49393e+07 5.99367e+07 6.33414e+07 5.57613e+07 5.46063e+07 5.89996e+07 5.4854e+07 3.30777e+07 1.40219e+07 4.80965e+06 1.28899e+06 242531 27310.1 2741.17 0 0 0 0
 3.97365e+07 7.41793e+07 6.09973e+07 5.26015e+07 5.82204e+07 5.54669e+07 5.27168e+07 5.46728e+07 5.65404e+07 3.98174e+07 1.76447e+07 5.76787e+06 1.43566e+06 253908 27569.7 2707.05 0 0 0 0
 4.51615e+07 8.38887e+07 6.65766e+07 5.23201e+07 5.50829e+07 5.09915e+07 4.9446e+07 5.27523e+07 5.53209e+07 4.24017e+07 2.10765e+07 7.11302e+06 1.69905e+06 281913 28318 2712.87 0 0 0 0
 6.23882e+07 1.15232e+08 8.76876e+07 6.09421e+07 5.98136e+07 5.15081e+07 4.709e+07 4.96758e+07 5.33617e+07 4.28711e+07 2.31412e+07 8.47252e+06 2.06437e+06 331464 30835.7 2758.74 0 0 0 0
 6.25861e+07 1.16712e+08 9.51807e+07 7.84503e+07 7.80227e+07 6.12499e+07 5.03696e+07 4.93381e+07 5.12518e+07 4.2159e+07 2.41123e+07 9.49211e+06 2.45552e+06 407336 35860.1 2869.63 0 0 0 0
 3.88865e+07 7.41144e+07 6.9576e+07 7.57618e+07 8.45241e+07 7.33041e+07 6.19551e+07 5.58524e+07 5.23027e+07 4.146e+07 2.43836e+07 1.0176e+07 2.79976e+06 486493 44408.1 3028.43 0 0 0 0
 4.23122e+07 7.87449e+07 6.34164e+07 5.32664e+07 6.29845e+07 6.74544e+07 6.71733e+07 6.49124e+07 5.88502e+07 4.26119e+07 2.43808e+07 1.04934e+07 3.04783e+06 560651 56727 3666.88 0 0 0 0
 6.16287e+07 1.13682e+08 8.56625e+07 5.80954e+07 5.79339e+07 5.41466e+07 5.59263e+07 6.34477e+07 6.50055e+07 4.67018e+07 2.51867e+07 1.0718e+07 3.21407e+06 620695 66031.4 4757.72 0 0 0 0
 6.77846e+07 1.26013e+08 1.00529e+08 7.85024e+07 7.64983e+07 5.99027e+07 5.13589e+07 5.54455e+07 6.2455e+07 5.00435e+07 2.70512e+07 1.11276e+07 3.33051e+06 659968 75199.6 6216.99 0 0 0 0
 8.07227e+07 1.49722e+08 1.17529e+08 8.90391e+07 8.94762e+07 7.45688e+07 6.17079e+07 5.7151e+07 5.8289e+07 4.93323e+07 2.86199e+07 1.17956e+07 3.46287e+06 682329 79057.7 8038.89 0 0 0 0
 7.23587e+07 1.35519e+08 1.13862e+08 1.00843e+08 1.04721e+08 8.66415e+07 7.25924e+07 6.67184e+07 6.15437e+07 4.80284e+07 2.87628e+07 1.23418e+07 3.61491e+06 699680 79299.4 7814.05 0 0 0 0
 6.57451e+07 1.231e+08 1.03307e+08 9.26685e+07 1.01812e+08 9.34125e+07 8.36179e+07 7.75178e+07 6.96708e+07 5.01943e+07 2.86781e+07 1.25606e+07 3.76437e+06 733474 80260.7 8285.7 0 0 0 0
 7.15021e+07 1.33017e+08 1.0673e+08 8.65661e+07 9.32352e+07 8.80311e+07 8.42401e+07 8.46272e+07 7.93866e+07 5.54552e+07 2.97778e+07 1.27299e+07 3.86265e+06 761470 83798.3 8171.36 0 0 0 0
 5.84435e+07 1.09883e+08 9.4747e+07 8.893e+07 9.58626e+07 8.50119e+07 7.95445e+07 8.34367e+07 8.44437e+07 6.14637e+07 3.20444e+07 1.31082e+07 3.92643e+06 777067 88806 8025.98 0 0 0 0
 5.48693e+07 1.02617e+08 8.5454e+07 7.59008e+07 8.5207e+07 8.24353e+07 7.92242e+07 8.1426e+07 8.41518e+07 6.51079e+07 3.48101e+07 1.38732e+07 4.0409e+06 794055 91500 8221.38 0 0 0 0
 6.27276e+07 1.16501e+08 9.23704e+07 7.26373e+07 7.73349e+07 7.33308e+07 7.26655e+07 7.85798e+07 8.30909e+07 6.5961e+07 3.67531e+07 1.48024e+07 4.22103e+06 813114 92492.2 9292.75 0 0 0 0
 5.1321e+07 9.6481e+07 8.3125e+07 7.76811e+07 8.28133e+07 7.19558e+07 6.68739e+07 7.22733e+07 7.95008e+07 6.56341e+07 3.77754e+07 1.56208e+07 4.45791e+06 844478 92718.4 10009.1 0 0 0 0
 4.6896e+07 8.77938e+07 7.36159e+07 6.63223e+07 7.45518e+07 7.16118e+07 6.79964e+07 6.9538e+07 7.43934e+07 6.31943e+07 3.7757e+07 1.60603e+07 4.65354e+06 878525 93022.5 9053.84 0 0 0 0
 4.51694e+07 8.43835e+07 6.97254e+07 6.0558e+07 6.6558e+07 6.37242e+07 6.32314e+07 6.80017e+07 7.23441e+07 6.04649e+07 3.69963e+07 1.62651e+07 4.83185e+06 924257 99537.1 8599.32 0 0 0 0
 5.18579e+07 9.62977e+07 7.62583e+07 5.9657e+07 6.28849e+07 5.85006e+07 5.71529e+07 6.25877e+07 6.91412e+07 5.83864e+07 3.57672e+07 1.60709e+07 4.91394e+06 965034 106473 9278.17 0 0 0 0
 6.28215e+07 1.16454e+08 9.10331e+07 6.81917e+07 6.84488e+07 5.89025e+07 5.40147e+07 5.77483e+07 6.43613e+07 5.59065e+07 3.47406e+07 1.57797e+07 4.92526e+06 991184 112215 10086.8 0 0 0 0
 7.3768e+07 1.36869e+08 1.0769e+08 8.17873e+07 8.12456e+07 6.69216e+07 5.72117e+07 5.68352e+07 6.04889e+07 5.27664e+07 3.3491e+07 1.54384e+07 4.88188e+06 997822 116781 11361.1 0 0 0 0
 9.12742e+07 1.69091e+08 1.31567e+08 9.71151e+07 9.5983e+07 7.91502e+07 6.61248e+07 6.17484e+07 6.03239e+07 5.0099e+07 3.18493e+07 1.49061e+07 4.77136e+06 985918 116249 11750.9 0 0 0 0
 1.05733e+08 1.96252e+08 1.54836e+08 1.18288e+08 1.17085e+08 9.479e+07 7.78409e+07 7.09722e+07 6.49752e+07 4.95479e+07 3.02409e+07 1.41637e+07 4.57919e+06 955093 113071 11563.4 0 0 0 0
 1.32178e+08 2.44796e+08 1.90064e+08 1.39547e+08 1.37894e+08 1.13767e+08 9.3934e+07 8.40887e+07 7.38861e+07 5.23487e+07 2.97567e+07 1.35521e+07 4.38269e+06 920621 110603 11763.9 0 0 0 0
 8.52441e+07 1.62085e+08 1.49949e+08 1.57861e+08 1.68623e+08 1.36488e+08 1.11578e+08 1.00277e+08 8.67758e+07 5.82397e+07 3.07253e+07 1.32469e+07 4.19562e+06 877504 105818 11184 0 0 0 0
 6.77534e+07 1.27625e+08 1.11551e+08 1.11006e+08 1.34319e+08 1.38556e+08 1.30951e+08 1.19636e+08 1.02458e+08 6.68166e+07 3.31329e+07 1.3366e+07 4.05747e+06 832743 100471 10500.6 0 0 0 0
 7.29837e+07 1.35831e+08 1.09345e+08 9.04297e+07 1.02262e+08 1.06923e+08 1.14767e+08 1.25339e+08 1.1988e+08 7.86429e+07 3.75676e+07 1.42977e+07 4.1148e+06 816195 96360.7 10571.3 0 0 0 0
 8.52692e+07 1.58244e+08 1.24732e+08 9.59513e+07 9.90617e+07 9.08404e+07 9.20842e+07 1.07874e+08 1.20489e+08 8.9388e+07 4.33855e+07 1.58599e+07 4.32554e+06 817483 92366 9997.92 0 0 0 0
 9.03024e+07 1.681e+08 1.35434e+08 1.09346e+08 1.11562e+08 9.46213e+07 8.56262e+07 9.28767e+07 1.07429e+08 9.06986e+07 4.84933e+07 1.79041e+07 4.70959e+06 849266 90909.1 9320.64 0 0 0 0
 1.01313e+08 1.88257e+08 1.4976e+08 1.17713e+08 1.2095e+08 1.045e+08 9.18804e+07 9.10751e+07 9.74231e+07 8.51006e+07 5.03326e+07 1.99093e+07 5.27029e+06 922326 93850.2 8781.47 0 0 0 0
 6.31215e+07 1.20262e+08 1.12631e+08 1.21591e+08 1.33391e+08 1.13941e+08 9.94777e+07 9.6587e+07 9.62262e+07 7.97161e+07 4.90466e+07 2.09317e+07 5.82382e+06 1.03809e+06 101963 8737.95 0 0 0 0
 5.80213e+07 1.08637e+08 9.12544e+07 8.42248e+07 1.01518e+08 1.07725e+08 1.06359e+08 1.04256e+08 1.00534e+08 7.852e+07 4.7292e+07 2.10412e+07 6.20585e+06 1.15556e+06 114871 9304.99 0 0 0 0
 4.71637e+07 8.87097e+07 7.67152e+07 7.33463e+07 8.33432e+07 8.33334e+07 8.89714e+07 1.01251e+08 1.05696e+08 8.06467e+07 4.66018e+07 2.07302e+07 6.35611e+06 1.23797e+06 133534 10278.2 0 0 0 0
 4.91873e+07 9.16397e+07 7.43202e+07 6.23106e+07 6.95761e+07 6.99051e+07 7.32576e+07 8.55437e+07 9.94613e+07 8.22287e+07 4.70348e+07 2.04475e+07 6.3339e+06 1.27318e+06 145208 11816.1 0 0 0 0
 7.1979e+07 1.3276e+08 9.9965e+07 6.76526e+07 6.73549e+07 6.17595e+07 6.17891e+07 7.21613e+07 8.72864e+07 7.86746e+07 4.7586e+07 2.06203e+07 6.32949e+06 1.28647e+06 151892 13721.1 0 0 0 0
$Estimated.numbers.of.female.fish.by.length.MD
6.43372e+07 8.79728e+07 7.49539e+07 4.46514e+07 2.78732e+07 8.38342e+06
6.5781e+07 9.2685e+07 7.57303e+07 4.29317e+07 2.86314e+07 9.82213e+06
6.43552e+07 9.58721e+07 7.82411e+07 4.17704e+07 2.89703e+07 1.08252e+07
6.6331e+07 9.60521e+07 8.16589e+07 4.13345e+07 2.90415e+07 1.14886e+07
6.5596e+07 9.69457e+07 8.45773e+07 4.17276e+07 2.90024e+07 1.18923e+07
6.46661e+07 9.72571e+07 8.60908e+07 4.2863e+07 2.90069e+07 1.21029e+07
6.41591e+07 9.62476e+07 8.68528e+07 4.40602e+07 2.89821e+07 1.20883e+07
6.58111e+07 9.53594e+07 8.70698e+07 4.51247e+07 2.92145e+07 1.20214e+07
6.88779e+07 9.64287e+07 8.68051e+07 4.59619e+07 2.97037e+07 1.19864e+07
7.43921e+07 9.99216e+07 8.64696e+07 4.65923e+07 3.03098e+07 1.20231e+07
7.92239e+07 1.0622e+08 8.69498e+07 4.68097e+07 3.08223e+07 1.21198e+07
1.16747e+08 1.15255e+08 8.92288e+07 4.68694e+07 3.13157e+07 1.23389e+07
1.6299e+08 1.4953e+08 9.30502e+07 4.64534e+07 3.13427e+07 1.24638e+07
2.11626e+08 2.07878e+08 1.00499e+08 4.5724e+07 3.07027e+07 1.23422e+07
2.66728e+08 2.77339e+08 1.23727e+08 4.66692e+07 3.05882e+07 1.23588e+07
1.69932e+08 3.46433e+08 1.6453e+08 4.92275e+07 3.07641e+07 1.24847e+07
2.01714e+08 3.0958e+08 2.18851e+08 5.53664e+07 3.11951e+07 1.25539e+07
1.73036e+08 2.86179e+08 2.66608e+08 6.71454e+07 3.16506e+07 1.24161e+07
1.6801e+08 2.70872e+08 2.70962e+08 8.63066e+07 3.33374e+07 1.23585e+07
1.8891e+08 2.55605e+08 2.64208e+08 1.10176e+08 3.71795e+07 1.24548e+07
2.57717e+08 2.69604e+08 2.49259e+08 1.2771e+08 4.3921e+07 1.27694e+07
2.64229e+08 3.33237e+08 2.38527e+08 1.34465e+08 5.33719e+07 1.34907e+07
1.72139e+08 3.72964e+08 2.45787e+08 1.3514e+08 6.35754e+07 1.48366e+07
1.77568e+08 3.13983e+08 2.78926e+08 1.31732e+08 7.14416e+07 1.74713e+07
2.53822e+08 2.73861e+08 3.05143e+08 1.30266e+08 7.66453e+07 2.12173e+07
2.84205e+08 3.2685e+08 2.91234e+08 1.36672e+08 7.94992e+07 2.55545e+07
3.36593e+08 3.94056e+08 2.74038e+08 1.49047e+08 8.11836e+07 2.99916e+07
3.08371e+08 4.57393e+08 2.89744e+08 1.55978e+08 8.50254e+07 3.09717e+07
2.79873e+08 4.66484e+08 3.29805e+08 1.52698e+08 9.00201e+07 3.27696e+07
3.00058e+08 4.36727e+08 3.7812e+08 1.52383e+08 9.54811e+07 3.3719e+07
2.51174e+08 4.31295e+08 4.00018e+08 1.61264e+08 9.83632e+07 3.47537e+07
2.32926e+08 4.00266e+08 3.97655e+08 1.78084e+08 9.97693e+07 3.64045e+07
2.62283e+08 3.63164e+08 3.88889e+08 1.93684e+08 1.01424e+08 3.89681e+07
2.20533e+08 3.683e+08 3.66958e+08 2.02108e+08 1.06194e+08 4.05532e+07
1.99524e+08 3.48378e+08 3.4292e+08 2.03441e+08 1.13168e+08 3.95161e+07
1.91332e+08 3.12522e+08 3.32138e+08 1.99969e+08 1.19768e+08 3.98429e+07
2.16764e+08 2.91792e+08 3.1481e+08 1.90417e+08 1.23139e+08 4.21416e+07
2.61635e+08 3.06758e+08 2.93099e+08 1.82306e+08 1.24803e+08 4.48436e+07
3.07869e+08 3.56334e+08 2.75956e+08 1.75402e+08 1.24275e+08 4.80657e+07
3.79606e+08 4.22369e+08 2.78057e+08 1.66609e+08 1.22613e+08 4.94871e+07
4.41666e+08 5.10186e+08 3.03902e+08 1.55888e+08 1.1959e+08 4.94918e+07
5.49352e+08 6.07536e+08 3.51245e+08 1.49161e+08 1.15864e+08 4.98175e+07
3.7562e+08 7.22522e+08 4.1753e+08 1.5121e+08 1.11816e+08 4.86855e+07
2.91981e+08 6.49905e+08 4.96705e+08 1.62189e+08 1.07231e+08 4.70376e+07
3.06486e+08 5.06322e+08 5.75583e+08 1.84991e+08 1.05553e+08 4.6648e+07
3.55992e+08 4.56782e+08 5.67132e+08 2.16979e+08 1.07398e+08 4.50428e+07
3.79652e+08 4.92961e+08 5.01907e+08 2.53858e+08 1.13013e+08 4.3287e+07
4.24166e+08 5.40937e+08 4.50421e+08 2.78869e+08 1.23498e+08 4.2267e+07
2.7929e+08 5.85517e+08 4.43115e+08 2.75701e+08 1.37255e+08 4.26293e+07
2.46757e+08 5.00043e+08 4.66728e+08 2.57512e+08 1.50915e+08 4.48434e+07
2.028e+08 3.99991e+08 4.90477e+08 2.43057e+08 1.59049e+08 4.85647e+07
2.07048e+08 3.33252e+08 4.5624e+08 2.3935e+08 1.59483e+08 5.34694e+07
2.96365e+08 3.13094e+08 3.97648e+08 2.46128e+08 1.57463e+08 5.88844e+07
$Estimated.numbers.of.male.fish.by.length.MD
6.67763e+07 8.6567e+07 4.15941e+07 1.346e+06 1631.37 0
6.83469e+07 9.06724e+07 4.139e+07 1.39416e+06 2232.85 0
6.69763e+07 9.39115e+07 4.17804e+07 1.40755e+06 2590.97 0
6.88999e+07 9.48926e+07 4.27105e+07 1.40245e+06 2783.98 0
6.82393e+07 9.6136e+07 4.38587e+07 1.39175e+06 2867.41 0
6.72812e+07 9.64625e+07 4.4819e+07 1.38541e+06 2879.53 0
6.67364e+07 9.58714e+07 4.54184e+07 1.37912e+06 2818.9 0
6.83704e+07 9.51902e+07 4.58912e+07 1.38624e+06 2744.04 0
7.1504e+07 9.59274e+07 4.61728e+07 1.40532e+06 2684.48 0
7.71428e+07 9.86622e+07 4.63054e+07 1.43041e+06 2653.86 0
8.21924e+07 1.03945e+08 4.64533e+07 1.45274e+06 2654.47 0
1.19943e+08 1.12186e+08 4.70685e+07 1.47556e+06 2711.19 0
1.67675e+08 1.4098e+08 4.79902e+07 1.47497e+06 2759.94 0
2.18148e+08 1.89673e+08 4.94883e+07 1.44223e+06 2743.44 0
2.752e+08 2.52172e+08 5.53823e+07 1.44021e+06 2737.12 0
1.80442e+08 3.16601e+08 6.75047e+07 1.45917e+06 2776.24 0
2.08566e+08 3.00523e+08 8.57405e+07 1.49784e+06 2788.76 0
1.8102e+08 2.92645e+08 1.06763e+08 1.55883e+06 2741.17 0
1.74913e+08 2.73678e+08 1.1977e+08 1.71714e+06 2707.05 0
1.95627e+08 2.60593e+08 1.25912e+08 2.00929e+06 2712.87 0
2.65308e+08 2.6903e+08 1.27847e+08 2.42666e+06 2758.74 0
2.74478e+08 3.17431e+08 1.27015e+08 2.89871e+06 2869.63 0
1.82577e+08 3.51398e+08 1.28322e+08 3.33066e+06 3028.43 0
1.84473e+08 3.15791e+08 1.36336e+08 3.6652e+06 3666.88 0
2.60973e+08 2.8955e+08 1.47612e+08 3.90079e+06 4757.72 0
2.94327e+08 3.21708e+08 1.50677e+08 4.06568e+06 6216.99 0
3.47974e+08 3.71943e+08 1.48037e+08 4.22426e+06 8038.89 0
3.2174e+08 4.31516e+08 1.50677e+08 4.39389e+06 7814.05 0
2.92152e+08 4.49029e+08 1.61104e+08 4.5781e+06 8285.7 0
3.11249e+08 4.367e+08 1.77349e+08 4.70792e+06 8171.36 0
2.63073e+08 4.32786e+08 1.9106e+08 4.79231e+06 8025.98 0
2.4294e+08 4.04193e+08 1.97943e+08 4.92646e+06 8221.38 0
2.71599e+08 3.74548e+08 2.00607e+08 5.12664e+06 9292.75 0
2.30927e+08 3.71597e+08 1.98531e+08 5.39511e+06 10009.1 0
2.08306e+08 3.5002e+08 1.91405e+08 5.62509e+06 9053.84 0
1.99278e+08 3.22073e+08 1.8607e+08 5.85565e+06 8599.32 0
2.24414e+08 3.00783e+08 1.79366e+08 5.98544e+06 9278.17 0
2.70308e+08 3.07306e+08 1.70788e+08 6.02866e+06 10086.8 0
3.18327e+08 3.44001e+08 1.62185e+08 5.99649e+06 11361.1 0
3.91932e+08 4.00122e+08 1.57178e+08 5.87353e+06 11750.9 0
4.56822e+08 4.78976e+08 1.58928e+08 5.64736e+06 11563.4 0
5.67038e+08 5.6923e+08 1.69544e+08 5.41391e+06 11763.9 0
3.97278e+08 6.74826e+08 1.88988e+08 5.17895e+06 11184 0
3.06929e+08 6.34467e+08 2.15774e+08 4.99069e+06 10500.6 0
3.1816e+08 5.39722e+08 2.50388e+08 5.02735e+06 10571.3 0
3.68245e+08 4.85812e+08 2.69122e+08 5.23539e+06 9997.92 0
3.93837e+08 4.94032e+08 2.64525e+08 5.64977e+06 9320.64 0
4.3933e+08 5.26118e+08 2.52766e+08 6.28647e+06 8781.47 0
2.96015e+08 5.64989e+08 2.45921e+08 6.96387e+06 8737.95 0
2.57913e+08 5.04083e+08 2.47388e+08 7.47629e+06 9304.99 0
2.12589e+08 4.30245e+08 2.53674e+08 7.72761e+06 10278.2 0
2.15147e+08 3.60593e+08 2.49172e+08 7.75229e+06 11816.1 0
3.04704e+08 3.30717e+08 2.34167e+08 7.76784e+06 13721.1 0
$Observed.Survey
 283799 145744 1.11222e+06 931598 1.90718e+06 1.55166e+06 1.63963e+06 1.26215e+06 1.62189e+06 2.8191e+06 1.89978e+06 1.93906e+06 1.77203e+06 1.74734e+06 1.29073e+06
$Observed.Survey.sd
 61515 33531 71209 74673 239150 101160 114792 99329 178408 372326 125788 150059 159402 179801 130349
$Survey.Q
1
$natural.mortality.females.males
 0.2 0.35
$Predicted.Survey
 334522 342786 350014 356635 362602 367886 370471 372964 376258 380934 386643 399283 420315 453464 514264 583339 655565 714253 765382 811101 860180 915955 969232 1.01362e+06 1.05959e+06 1.11154e+06 1.17686e+06 1.23914e+06 1.30482e+06 1.36918e+06 1.41776e+06 1.45228e+06 1.47441e+06 1.48339e+06 1.46791e+06 1.44922e+06 1.42529e+06 1.4115e+06 1.4144e+06 1.43314e+06 1.47121e+06 1.55334e+06 1.64139e+06 1.7104e+06 1.77559e+06 1.81818e+06 1.84646e+06 1.88269e+06 1.90529e+06 1.91672e+06 1.90312e+06 1.86213e+06 1.82753e+06
$Predicted.Biomass
 371050 380678 388428 395687 401886 407058 409371 412044 416207 422774 430900 453535 492184 548415 637056 702823 775699 827892 873223 919930 985995 1.05638e+06 1.09841e+06 1.13309e+06 1.1895e+06 1.2579e+06 1.34666e+06 1.41832e+06 1.48168e+06 1.54706e+06 1.58551e+06 1.60818e+06 1.62879e+06 1.62905e+06 1.60261e+06 1.57474e+06 1.55089e+06 1.54863e+06 1.57097e+06 1.61921e+06 1.69105e+06 1.8193e+06 1.89927e+06 1.93695e+06 1.98125e+06 2.02279e+06 2.05895e+06 2.11193e+06 2.11403e+06 2.10032e+06 2.05944e+06 2.00195e+06 1.97864e+06
$Predicted.Exploitable.Biomass
 245964 251171 255548 259783 264141 268585 271158 273552 276206 279215 281980 286689 291784 298586 319701 353832 400352 450898 505578 557851 600455 635528 671967 707871 747351 790729 835170 866319 900820 946212 994522 1.04003e+06 1.07425e+06 1.09424e+06 1.09296e+06 1.08915e+06 1.07638e+06 1.0652e+06 1.05691e+06 1.04533e+06 1.03704e+06 1.05481e+06 1.09252e+06 1.14341e+06 1.21812e+06 1.28619e+06 1.33771e+06 1.37216e+06 1.38346e+06 1.39523e+06 1.40839e+06 1.40977e+06 1.40644e+06
$Female.Spawning.Biomass
 204548 210071 213870 217008 220212 223708 225769 227965 230586 233351 235441 238095 238626 236231 240461 252429 275107 307835 353879 404414 448749 485991 518752 548847 585455 628926 669736 691078 712925 743085 780524 823609 862720 893431 904528 912051 912694 912476 908581 892600 868543 857213 857737 872725 923860 989728 1.05319e+06 1.09906e+06 1.12118e+06 1.13929e+06 1.1606e+06 1.18071e+06 1.20148e+06
$Observed.Prop.fishery.females
1977  0.00461894 0.00923788 0.00577367 0.0161663 0.0242494 0.0438799 0.039261 0.0404157 0.0450346 0.0508083 0.0277136 0.017321 0.0161663 0.0207852 0.0357968 0.0588915 0.0588915 0.0554273 0.039261 0.00577367
1978  0.0010927 0.00382444 0.0140229 0.0202149 0.0233109 0.0462575 0.040794 0.0358769 0.0641049 0.0948825 0.0653797 0.0575487 0.0355127 0.0400656 0.031324 0.0307776 0.0154799 0.00947004 0.00710253 0.0010927
1979  0 0 0.000493502 0.00246751 0.0128311 0.0148051 0.0230301 0.0273071 0.0514887 0.0588913 0.0789604 0.101003 0.0944234 0.0710643 0.0743543 0.0620168 0.0350387 0.0167791 0.0115151 0.00230301
1980  0 0.00169731 0.00452617 0.00594059 0.0113154 0.0161245 0.0328147 0.0421499 0.0630835 0.0560113 0.0503536 0.0579915 0.0859972 0.0763791 0.0577086 0.0492221 0.0305516 0.01471 0.00678925 0.00282885
1981  0 0.0057652 0.00314465 0.00157233 0.00209644 0.00838574 0.0220126 0.0262055 0.081761 0.136792 0.0980084 0.0555556 0.0890985 0.0974843 0.0634172 0.0256813 0.0104822 0.00733753 0.00157233 0.000524109
1984  0.000699399 0.00125892 0.00223808 0.00657435 0.00713386 0.0114701 0.0181844 0.0250385 0.0552525 0.0587495 0.0496573 0.073297 0.0677018 0.0465799 0.040705 0.0598685 0.0916212 0.0835082 0.0432228 0.00671423
1985  0.00149701 0.0194611 0.0224551 0.00598802 0.0164671 0.0359281 0.0374251 0.0254491 0.0329341 0.0808383 0.118263 0.127246 0.0868263 0.0464072 0.0344311 0.0254491 0.0164671 0.0389222 0.0254491 0.00299401
1986  0 0 0 0.0103093 0.0103093 0.0103093 0.00515464 0.0103093 0.0721649 0.0824742 0.0515464 0.056701 0.0463918 0.0618557 0.0309278 0.0979381 0.0927835 0.0876289 0.0618557 0
1987  0.012 0.0106667 0.0226667 0.0506667 0.056 0.0466667 0.0413333 0.0466667 0.0426667 0.036 0.0626667 0.0693333 0.036 0.0226667 0.0186667 0.032 0.0213333 0.0173333 0.0133333 0.004
1988  0.00473934 0.00947867 0 0.028436 0.0379147 0.0473934 0.042654 0.118483 0.0900474 0.0663507 0.0616114 0.0331754 0.0236967 0.0236967 0.014218 0.0189573 0.00473934 0.00473934 0 0.00473934
1990  0.0392157 0.00980392 0 0.00490196 0 0.00980392 0.0245098 0.00980392 0.0637255 0.0637255 0.0735294 0.0441176 0.0588235 0.0343137 0.0392157 0.0539216 0.0294118 0.0294118 0.0294118 0.0441176
1991  0.00136472 0.00221767 0.00290003 0.0052883 0.00597066 0.00665302 0.00904128 0.0121119 0.0209826 0.0359945 0.0668714 0.105595 0.12146 0.114637 0.0788127 0.0627772 0.0583419 0.0342886 0.0390652 0.024565
1992  0 0 0.0140845 0.0352113 0.056338 0.0140845 0.0140845 0.0140845 0.0352113 0.0352113 0.028169 0.0352113 0.0422535 0.0422535 0.0211268 0.0211268 0.056338 0.028169 0.00704225 0
1993  0.00167504 0.00502513 0.0100503 0.0117253 0.0117253 0.0100503 0.0234506 0.0586265 0.038526 0.0670017 0.0820771 0.0351759 0.0217755 0.0217755 0.00837521 0.00837521 0.00502513 0 0 0
1995  0.00833333 0.0222222 0.0152778 0.00694444 0.0180556 0.0222222 0.025 0.0277778 0.0208333 0.0208333 0.0416667 0.075 0.122222 0.126389 0.0819444 0.0555556 0.0263889 0.0305556 0.0263889 0.0180556
1996  0 0.00192493 0.00673725 0.0173244 0.0163619 0.0317613 0.0327238 0.0510106 0.0962464 0.0952839 0.0606352 0.0712223 0.0490857 0.0510106 0.0240616 0.0356112 0.0327238 0.0433109 0.0481232 0.0981713
1997  0.00190114 0.00190114 0 0.00380228 0.00855513 0.00665399 0.0294677 0.0304183 0.0313688 0.0380228 0.0446768 0.0589354 0.137833 0.152091 0.0674905 0.0180608 0.0180608 0.013308 0.00760456 0.0142586
1998  0 0 0.0152091 0.00760456 0 0.0228137 0.0114068 0.0342205 0.0456274 0.0760456 0.0874525 0.0836502 0.095057 0.0722433 0.0494297 0.0418251 0.0380228 0.0304183 0.0152091 0.00380228
1999  0.00238379 0.00595948 0.00198649 0.00635677 0.011919 0.0107271 0.0147 0.0174811 0.0214541 0.0246325 0.0238379 0.0488677 0.0953516 0.114025 0.0675407 0.0313866 0.0353596 0.026619 0.0393325 0.022646
2000  0.00179095 0.0048844 0.00879192 0.0100944 0.00993162 0.0126994 0.0177467 0.0193748 0.028818 0.038424 0.0397265 0.0581244 0.0947574 0.122761 0.0784761 0.0338652 0.0283295 0.0240964 0.0257245 0.00895474
2001  0.00420095 0.00787677 0.0101523 0.0136531 0.0162787 0.0245055 0.0281813 0.0269561 0.0456853 0.057938 0.0642395 0.0595134 0.0773674 0.0733415 0.0507614 0.0280063 0.022055 0.0257308 0.0248556 0.0108524
2002  0.00637421 0.0129103 0.0189754 0.0165023 0.0129545 0.012719 0.0142941 0.017415 0.0325335 0.0423966 0.0470337 0.0897247 0.109819 0.120124 0.0777271 0.0325335 0.0148682 0.0164876 0.0142794 0.00647726
2003  0.00126836 0.00427236 0.00921228 0.0170895 0.0230975 0.0275701 0.0289052 0.0310414 0.0499332 0.0440587 0.0550067 0.0618158 0.0810414 0.0799065 0.0514686 0.0287717 0.0162884 0.011749 0.0176235 0.00954606
2004  0.00245881 0.00516351 0.00737644 0.0162282 0.020654 0.0208999 0.0341775 0.0403246 0.0590116 0.0575363 0.047701 0.0661421 0.0708139 0.0769609 0.0619621 0.0314728 0.0142611 0.00958938 0.0105729 0.00565527
2005  0.00178635 0.00321543 0.00696677 0.0130404 0.0183994 0.0298321 0.0387638 0.0441229 0.0721686 0.0735977 0.0675241 0.064666 0.0603787 0.056806 0.0401929 0.0291175 0.0141122 0.0116113 0.0091104 0.00732404
2006  0.00296551 0.00515062 0.00499454 0.00717965 0.0090526 0.0148275 0.015764 0.0273139 0.0499454 0.0702357 0.102232 0.094584 0.0899017 0.0668019 0.0525987 0.0296551 0.0173248 0.00998907 0.0115499 0.00889652
2007  0.00184661 0.00714022 0.0136649 0.0265912 0.0209282 0.0246214 0.0276991 0.0305306 0.0598301 0.0627847 0.0829743 0.100086 0.0776807 0.0395174 0.0273298 0.0178505 0.0102179 0.00541672 0.0050474 0.003447
2008  0.00200602 0.00702106 0.010253 0.0114789 0.0173855 0.0290873 0.0344366 0.0276385 0.0369999 0.039786 0.0615179 0.0916082 0.110777 0.0722166 0.044021 0.0198373 0.00913853 0.00512649 0.00423493 0.00267469
2009  0.00319734 0.00767362 0.0124057 0.0181609 0.0255787 0.0379844 0.0365776 0.038496 0.0630515 0.0556337 0.0547385 0.0783988 0.0868397 0.056529 0.0282645 0.0103594 0.00869676 0.00409259 0.00511574 0.00255787
2010  0.00155499 0.00395816 0.00791631 0.0131467 0.0176703 0.0247385 0.0291207 0.0367543 0.0613514 0.0624823 0.0725191 0.0848176 0.103619 0.0798699 0.0390161 0.0209217 0.0111677 0.00735086 0.00466497 0.00212044
2011  0.0017565 0.00351301 0.00680646 0.010539 0.0149303 0.0162477 0.0217367 0.023603 0.0470963 0.0586233 0.0661983 0.0724558 0.0795916 0.0629048 0.0363377 0.0244813 0.0159183 0.00779449 0.0088923 0.00428148
2012  0.00237 0.00529764 0.00864352 0.0129653 0.0144988 0.0217482 0.0256517 0.03081 0.0591106 0.0691482 0.0826711 0.0815558 0.0793252 0.0662205 0.0390353 0.0150565 0.00641294 0.00613411 0.00501882 0.00237
2013  0.00211608 0.00211608 0.0117896 0.0181378 0.0238815 0.0220677 0.0323458 0.0408102 0.0492745 0.0580411 0.070133 0.0728537 0.0722491 0.0574365 0.0314389 0.0108827 0.00423216 0.00362757 0.00392987 0.00181378
$Predicted.length.prop.fishery.females
1977  0.00633903 0.0119246 0.0108238 0.0137908 0.0219781 0.0313553 0.0438812 0.0574146 0.0720259 0.0784211 0.0716606 0.0610988 0.0488652 0.0385339 0.0307326 0.0256283 0.0213451 0.0201578 0.0174765 0.00946242
1978  0.00476257 0.0091415 0.00958973 0.0146019 0.0209064 0.0229444 0.029407 0.0462081 0.0744239 0.0905522 0.0859077 0.0741887 0.0573645 0.0416064 0.0304013 0.0240023 0.0194652 0.0181406 0.015637 0.00845337
1979  0.00433662 0.00824837 0.00813454 0.0116128 0.0175544 0.0219059 0.0285395 0.0385988 0.0576073 0.0844264 0.0968 0.0896612 0.0705623 0.0498594 0.0337961 0.0244337 0.0186974 0.0169372 0.0144149 0.00775303
1980  0.00464434 0.00877739 0.00823447 0.0107974 0.015696 0.0186295 0.0242982 0.0352122 0.0532334 0.0720147 0.0884418 0.0969788 0.0846799 0.0616141 0.0407809 0.027395 0.0192776 0.0165383 0.0137331 0.0073255
1981  0.00610738 0.0114563 0.0101084 0.0118153 0.0164535 0.0182876 0.0223728 0.0311001 0.0470503 0.0654816 0.078458 0.0883108 0.0874826 0.0717354 0.0498676 0.0327452 0.0213959 0.0170021 0.0134831 0.00707683
1984  0.0037151 0.00703344 0.00671505 0.00928604 0.0148697 0.0210966 0.0300941 0.0417648 0.0567486 0.0653497 0.0665805 0.0694309 0.0696772 0.0653622 0.0566881 0.0458938 0.032864 0.0247045 0.0171372 0.00808199
1985  0.00521779 0.00976998 0.00849274 0.00965203 0.0135255 0.0157628 0.0211675 0.0336941 0.0560803 0.0735818 0.0759276 0.072675 0.0672382 0.0611056 0.0535286 0.0451063 0.0343385 0.0275768 0.0200016 0.00954659
1986  0.00549919 0.0104088 0.00985945 0.0129473 0.0177534 0.0179072 0.0199748 0.0271979 0.0430382 0.0660922 0.0807634 0.081485 0.0716214 0.060072 0.0504953 0.0428823 0.0341425 0.0292832 0.0227427 0.0113404
1987  0.00620358 0.0117023 0.0108106 0.0137557 0.0194845 0.0215693 0.025261 0.0312174 0.039894 0.0533834 0.0695123 0.081114 0.0770886 0.0632372 0.0496032 0.0404822 0.0327369 0.0296819 0.0247749 0.0131237
1988  0.00530907 0.010148 0.0103446 0.0152196 0.0217936 0.0236548 0.0278663 0.0362061 0.0473644 0.054481 0.0595317 0.0693237 0.0732904 0.0657341 0.0522088 0.041154 0.0324486 0.0292925 0.0244453 0.0128953
1990  0.00475899 0.00901126 0.00858496 0.0115821 0.0171413 0.0209578 0.0276965 0.0393385 0.0569757 0.0696172 0.0711748 0.0681768 0.0615649 0.0555053 0.0493664 0.0422084 0.0332868 0.0291999 0.0240941 0.0128009
1991  0.00374302 0.00719093 0.00759789 0.0117436 0.0171804 0.0195496 0.0245497 0.0349647 0.0533526 0.0716632 0.0785995 0.076606 0.0671063 0.0558556 0.0469549 0.0407582 0.0333841 0.0295947 0.0240303 0.0125346
1992  0.00342669 0.00653341 0.00655926 0.00961132 0.0146462 0.0185151 0.0245654 0.0337958 0.0490277 0.0672416 0.0796917 0.083458 0.0749391 0.0607216 0.047927 0.0398376 0.0329109 0.0299761 0.0246134 0.01275
1993  0.00387796 0.00732708 0.00686215 0.00899222 0.0131825 0.0159892 0.0212655 0.0312257 0.0480324 0.0644277 0.0757942 0.0837272 0.080273 0.0669793 0.0515818 0.0405985 0.0326043 0.0302493 0.0258296 0.0137796
1995  0.00298177 0.0056928 0.00577133 0.00856942 0.0130703 0.0164605 0.0216572 0.0292921 0.0415942 0.0572536 0.0708517 0.0802999 0.0803448 0.0728702 0.0609546 0.0488491 0.0372684 0.0324918 0.0269201 0.0143683
1996  0.00294799 0.00561362 0.00557876 0.0080132 0.0119599 0.0146629 0.0196226 0.0287196 0.0436252 0.0573347 0.0671662 0.0768522 0.0794437 0.0738021 0.0634833 0.0527416 0.0409421 0.0351364 0.0281381 0.014599
1997  0.00349314 0.00659878 0.00617003 0.00805437 0.0117342 0.0139994 0.0182276 0.0262747 0.040952 0.0576446 0.0679668 0.0743773 0.0761381 0.0724841 0.064144 0.0547919 0.0437296 0.038229 0.0307584 0.0159138
1998  0.0043177 0.00813901 0.00747456 0.00939774 0.0132289 0.0146589 0.0179023 0.0249827 0.0378604 0.0536384 0.0663529 0.0744642 0.0745353 0.0698742 0.0628055 0.0552119 0.0454013 0.0407519 0.0333432 0.0173368
1999  0.00509389 0.00961441 0.00891682 0.0113795 0.015914 0.017124 0.0200233 0.0262718 0.0368295 0.0497116 0.0610604 0.0706583 0.0727897 0.0679499 0.0604084 0.0537323 0.0454769 0.0422075 0.0356366 0.0189369
2000  0.00620781 0.0116922 0.0106654 0.013242 0.0185147 0.0201033 0.0235289 0.0301363 0.039744 0.0491295 0.0563307 0.0638794 0.0668228 0.0639791 0.0574559 0.0513598 0.0441846 0.041921 0.0360193 0.0193275
2001  0.0069231 0.013074 0.0121753 0.0156334 0.0218127 0.0232335 0.0268056 0.0343253 0.0448893 0.0527769 0.0555747 0.0585804 0.0593794 0.0571913 0.0524439 0.0476511 0.0414874 0.0398741 0.034622 0.0186593
2002  0.00801988 0.015099 0.0137285 0.0169555 0.0237271 0.0258626 0.0302992 0.038484 0.0494936 0.057428 0.0582617 0.0571502 0.0538518 0.0498488 0.0455989 0.0421046 0.037303 0.0364236 0.0321481 0.017558
2003  0.0048147 0.00939247 0.0109392 0.0187336 0.0271253 0.0288264 0.0331925 0.0425683 0.0555512 0.0639697 0.0636748 0.0604402 0.0535363 0.0462101 0.040562 0.0373407 0.0335156 0.0330223 0.0292013 0.0159366
2004  0.00360362 0.0069325 0.00742999 0.0120061 0.0194105 0.0268031 0.0368716 0.0483847 0.062212 0.0718954 0.0716348 0.0667866 0.0571391 0.0464874 0.0381626 0.033786 0.0301785 0.0299499 0.0265968 0.0144993
2005  0.00368485 0.00697984 0.00667476 0.00911696 0.0139082 0.0183768 0.0266131 0.0419436 0.0664873 0.081983 0.0817682 0.0762982 0.0643451 0.0503815 0.0388547 0.0322563 0.0279073 0.0277087 0.0249482 0.01377
2006  0.00415996 0.00785305 0.00729796 0.00938577 0.013412 0.0154556 0.0200457 0.0306433 0.0526841 0.0795484 0.0917183 0.0881983 0.0743484 0.0573457 0.042496 0.0331842 0.0271439 0.0261243 0.0232854 0.0128459
2007  0.00432603 0.00820127 0.00787208 0.010632 0.0150807 0.0165158 0.0197692 0.0270323 0.0414195 0.0638052 0.0853504 0.0953943 0.0858207 0.0665894 0.0484161 0.036117 0.0278002 0.0254436 0.0220489 0.0120403
2008  0.00479825 0.00907331 0.00854511 0.0112423 0.0161149 0.0182502 0.0221832 0.0290738 0.0399683 0.0538358 0.0697861 0.0862034 0.0890348 0.0755761 0.0561699 0.0408914 0.029867 0.0258244 0.0214481 0.0114631
2009  0.00302465 0.00591509 0.00699855 0.0122221 0.0180273 0.0200644 0.0242465 0.0322954 0.0443942 0.0549881 0.0626518 0.0733628 0.0804279 0.0767692 0.0628216 0.0471743 0.0335738 0.0276675 0.0220287 0.0114977
2010  0.00281167 0.00536583 0.00543931 0.00820697 0.0132709 0.018697 0.0263158 0.0358432 0.0490283 0.0605982 0.0654753 0.0692184 0.0716375 0.0709004 0.0637027 0.0519074 0.0379305 0.0306582 0.0236323 0.0120785
2011  0.00233451 0.004486 0.00475358 0.00742634 0.0112316 0.0140247 0.0197083 0.0314313 0.051569 0.0674424 0.0725765 0.0737865 0.0706839 0.0664159 0.0610543 0.0534897 0.0416697 0.0344404 0.026279 0.0132104
2012  0.00251575 0.0047722 0.00461333 0.00640055 0.00970133 0.012427 0.0170489 0.0254082 0.0423925 0.06531 0.0793374 0.0820016 0.0759572 0.0670473 0.059028 0.0527024 0.043585 0.0381073 0.0298902 0.0150646
2013  0.00379021 0.00709564 0.0061598 0.0069935 0.00983434 0.01143 0.0147872 0.0220039 0.0359736 0.0550196 0.0738834 0.0862203 0.0832717 0.0716141 0.0598566 0.0519628 0.0440602 0.0407305 0.0336269 0.0173765
$Observed.length.Prop.fishery.males
1977  0.0115473 0.0127021 0.0103926 0.0138568 0.017321 0.0415704 0.0704388 0.0750577 0.0484988 0.0207852 0.00923788 0.00692841 0.00577367 0.00461894 0.00577367 0.00808314 0.00923788 0.0103926 0.00230947 0
1978  0.000546349 0.00600983 0.00710253 0.0056456 0.0107449 0.0267711 0.0732107 0.10672 0.0896012 0.0238572 0.00874158 0.00200328 0.000546349 0.000182116 0 0 0.000182116 0 0 0
1979  0 0 0.00213851 0.00411252 0.00822504 0.0169436 0.0391512 0.0532982 0.0684323 0.0435927 0.0167791 0.00411252 0.00296101 0.00131601 0 0.000164501 0 0 0 0
1980  0.000282885 0.00226308 0.0039604 0.00367751 0.00933522 0.0217822 0.0678925 0.096181 0.074116 0.0330976 0.0161245 0.00509194 0 0 0 0 0 0 0 0
1981  0 0.000524109 0.00157233 0.00471698 0.00838574 0.0220126 0.0330189 0.0644654 0.0691824 0.0272537 0.0125786 0.0057652 0.00890985 0.00419287 0.000524109 0 0 0 0 0
1984  0.000279759 0.00167856 0.00293747 0.00615471 0.00615471 0.015107 0.0297944 0.0379074 0.0468597 0.0349699 0.0233599 0.0127291 0.0103511 0.00685411 0.00587495 0.00377675 0.00349699 0.00181844 0.000419639 0
1985  0 0.00449102 0.00449102 0.00748503 0.0179641 0.0194611 0.0269461 0.0269461 0.0254491 0.0269461 0.010479 0.00299401 0.00299401 0.00149701 0.00449102 0.00449102 0.00748503 0.00449102 0 0
1986  0 0.00515464 0 0.00515464 0 0.00515464 0.0103093 0.0463918 0.0824742 0.0412371 0.0154639 0 0 0 0 0 0 0 0 0
1987  0.00533333 0.00133333 0.0133333 0.0413333 0.0426667 0.0266667 0.0346667 0.0253333 0.0653333 0.0506667 0.0226667 0.00533333 0.00133333 0 0.00133333 0 0 0 0 0
1988  0 0 0 0.00473934 0.00473934 0.0236967 0.0379147 0.0947867 0.07109 0.0331754 0.014218 0.014218 0.028436 0.014218 0 0.00947867 0 0 0.00473934 0.00947867
1990  0.0490196 0 0 0.0392157 0 0.0539216 0.0245098 0.0147059 0.0294118 0.00980392 0.00490196 0.0147059 0.0196078 0.0196078 0 0.0441176 0.0147059 0 0 0
1991  0.000852951 0.00238826 0.00375299 0.00307062 0.00665302 0.00767656 0.00835892 0.0134766 0.0330945 0.0540771 0.034971 0.0117707 0.0034118 0.00119413 0.00221767 0.000852951 0.000682361 0.00136472 0.000852951 0.00034118
1992  0 0 0.0140845 0.0352113 0.056338 0.0140845 0.0140845 0.0140845 0.0352113 0.0352113 0.028169 0.0352113 0.0422535 0.0422535 0.0211268 0.0211268 0.056338 0.028169 0.00704225 0
1993  0 0.0117253 0.0117253 0.0184255 0.0134003 0.0234506 0.0435511 0.0318258 0.041876 0.0469012 0.0519263 0.0603015 0.0485762 0.0435511 0.040201 0.0251256 0.0318258 0.0234506 0.00335008 0.00837521
1995  0.00277778 0.00694444 0.00694444 0.0111111 0.00833333 0.00416667 0.00833333 0.00694444 0.0138889 0.0361111 0.0527778 0.0375 0.00277778 0.00138889 0.00416667 0.00416667 0 0 0 0
1996  0.00288739 0.00769971 0.00577478 0.00673725 0.00866218 0.0153994 0.0115496 0.0211742 0.0192493 0.0105871 0.00673725 0.00962464 0.00866218 0.000962464 0 0 0 0 0.000962464 0
1997  0 0.00475285 0.0142586 0.0209125 0.0380228 0.0313688 0.013308 0.013308 0.0209125 0.0209125 0.0589354 0.0361217 0.0228137 0.0104563 0.00475285 0.00190114 0.00285171 0 0 0
1998  0 0 0 0 0.00380228 0.00380228 0.0190114 0.0152091 0.0304183 0.0608365 0.0608365 0.0494297 0.00760456 0.00760456 0.00380228 0.00380228 0.00380228 0 0 0
1999  0.00437028 0.00556218 0.00595948 0.0123162 0.00953516 0.0115217 0.0170838 0.0174811 0.0313866 0.0524434 0.0520461 0.0397298 0.0234406 0.0170838 0.0158919 0.0143027 0.0154946 0.0143027 0.0139054 0.00357569
2000  0.00260501 0.0073266 0.00960599 0.0107457 0.0169326 0.0154673 0.0187235 0.0183979 0.0359818 0.0452621 0.0498209 0.0429827 0.0179095 0.0102572 0.00960599 0.00716379 0.00504722 0.00407034 0.00423315 0.00048844
2001  0.00560126 0.00735165 0.00787677 0.0124278 0.017854 0.0213548 0.0269561 0.030982 0.0495361 0.0435848 0.0470856 0.0271311 0.0112025 0.00770173 0.00420095 0.00105024 0.00122528 0.00192543 0.00122528 0.00157535
2002  0.00275283 0.00755189 0.0129692 0.0138231 0.0136906 0.0128956 0.0163256 0.0192404 0.0340056 0.0431326 0.0398204 0.0299573 0.013985 0.00912704 0.00588841 0.00368026 0.00191373 0.00161931 0.000588841 0.000883262
2003  0.00173565 0.00500668 0.00774366 0.0158879 0.0196262 0.0250334 0.0287049 0.0313084 0.0451936 0.0543391 0.0528037 0.0303738 0.0140187 0.00821095 0.00487316 0.0024032 0.000667557 0.000667557 0.0012016 0.000534045
2004  0.00196705 0.00614704 0.00319646 0.0093435 0.0174576 0.0243423 0.0322105 0.0432751 0.0636833 0.0386034 0.0368822 0.0302434 0.0122941 0.00958938 0.00442587 0.00368822 0.00172117 0.000491763 0.00122941 0.000245881
2005  0.00142908 0.00410861 0.00732404 0.0119686 0.0203644 0.026438 0.0421579 0.0384066 0.0576992 0.0432297 0.0369775 0.022508 0.00839586 0.00535906 0.00428725 0.00339407 0.00160772 0.000535906 0.000714541 0.00035727
2006  0.00202903 0.00312159 0.0037459 0.0090526 0.0106134 0.0185734 0.0220072 0.0307476 0.0707039 0.0508818 0.0299672 0.0198221 0.0107695 0.00780396 0.0082722 0.00671141 0.00218511 0.00109256 0.000936476 0
2007  0.00270836 0.00652468 0.0150191 0.0253601 0.0224055 0.0247446 0.0242521 0.0280684 0.0589684 0.0592146 0.0353318 0.0279453 0.01268 0.0050474 0.00209282 0.00221593 0.00110797 0.000246214 0.000492429 0.000369322
2008  0.00211746 0.00802407 0.0073554 0.00991864 0.0208403 0.0310933 0.0297559 0.0280843 0.0488131 0.0570601 0.0443553 0.0334336 0.0231807 0.00958431 0.00523794 0.00167168 0.00100301 0.000668673 0.000222891 0.000334336
2009  0.00255787 0.00498785 0.0145799 0.0218698 0.0297992 0.0342755 0.0395191 0.0409259 0.0557616 0.0447628 0.0344034 0.0182888 0.0116383 0.00537153 0.00332523 0.00127894 0.000383681 0.000383681 0.00127894 0.000255787
2010  0.00466497 0.00579587 0.0083404 0.0107436 0.0200735 0.0274244 0.028838 0.0337857 0.0476392 0.0384507 0.0322307 0.0221939 0.0162567 0.011309 0.00438224 0.0011309 0.00127226 0.000141363 0.000282725 0.000282725
2011  0.00197607 0.00395214 0.0114173 0.0114173 0.0143814 0.0206389 0.0233835 0.0351301 0.0657591 0.0698211 0.0574157 0.0372159 0.0268965 0.0166868 0.00823362 0.00702602 0.00197607 0.00131738 0.00109782 0.000548908
2012  0.00111529 0.00348529 0.00683117 0.0115712 0.0164506 0.02133 0.0253729 0.0289976 0.0572982 0.0581347 0.0566011 0.0375017 0.0178447 0.0103165 0.00613411 0.00320647 0.00153353 0.00139412 0.000418235 0.000418235
2013  0.00272068 0.00302297 0.0175333 0.0247884 0.0247884 0.0247884 0.0386941 0.0356711 0.0665054 0.0604595 0.0535067 0.0287183 0.014208 0.00846433 0.00362757 0.00181378 0.000906892 0.000302297 0.000302297 0
$Predicted.length.prop.fishery.males
1977  0.00622049 0.0118757 0.0113226 0.0142202 0.0225444 0.0320089 0.0390808 0.0454689 0.0495298 0.0390923 0.0222007 0.00957499 0.00292354 0.000586847 6.73753e-05 6.82364e-06 0 0 0 0
1978  0.00468 0.00917207 0.0100323 0.0139397 0.0190675 0.0247045 0.0342336 0.0475257 0.0568832 0.0448527 0.0239352 0.00953507 0.00275109 0.000533989 6.04205e-05 6.06452e-06 0 0 0 0
1979  0.00425874 0.00825173 0.00853053 0.0114697 0.0167883 0.0224909 0.0298627 0.0426634 0.0585209 0.0514958 0.0276597 0.0104142 0.00280628 0.000515729 5.6389e-05 5.53681e-06 0 0 0 0
1980  0.00455894 0.00874481 0.00854198 0.0105099 0.0147875 0.0196666 0.0269007 0.0391711 0.0559341 0.0546053 0.0319836 0.0121159 0.00311422 0.000538798 5.45957e-05 5.23028e-06 0 0 0 0
1981  0.00599201 0.0113639 0.0103708 0.0113065 0.0148003 0.0183179 0.0242202 0.035585 0.0525568 0.0544385 0.0346982 0.014003 0.00361539 0.000602723 5.66122e-05 5.06485e-06 0 0 0 0
1984  0.00364722 0.00702885 0.00707081 0.00956986 0.0154161 0.0225998 0.0295656 0.0381401 0.0487729 0.0486621 0.0340542 0.0161406 0.00489141 0.000917754 9.33681e-05 6.03538e-06 0 0 0 0
1985  0.00511859 0.00968302 0.00870057 0.00937051 0.0128505 0.0177861 0.0259487 0.0385448 0.0522032 0.0499915 0.0334736 0.0159073 0.00499019 0.000981605 0.000104856 7.55515e-06 0 0 0 0
1986  0.00539863 0.0103665 0.0101699 0.0121044 0.0150749 0.017034 0.0221022 0.0337139 0.0508771 0.0517308 0.0338672 0.0156716 0.00494252 0.000999838 0.000114364 9.45486e-06 0 0 0 0
1987  0.00608872 0.0116433 0.0111677 0.0131178 0.0171279 0.0197764 0.023166 0.0310065 0.0458999 0.050158 0.0342361 0.015643 0.00484752 0.000978984 0.000113913 1.15831e-05 0 0 0 0
1988  0.00521551 0.0101631 0.0108018 0.0144433 0.0190582 0.0220157 0.025891 0.0329481 0.044149 0.0470712 0.033587 0.0157418 0.00482607 0.00095638 0.000109016 1.07423e-05 0 0 0 0
1990  0.00467209 0.0089897 0.0089405 0.0113666 0.0163147 0.0218094 0.0286439 0.0384078 0.0492417 0.0464869 0.0310878 0.0148796 0.00472232 0.000946956 0.000104552 1.01951e-05 0 0 0 0
1991  0.00367835 0.00722281 0.00798215 0.0112995 0.015702 0.0199941 0.0266124 0.0378599 0.0515898 0.0491051 0.0314931 0.0145373 0.004594 0.000928992 0.000106539 9.62864e-06 0 0 0 0
1992  0.00336572 0.00654507 0.00689789 0.00952697 0.0141571 0.0192478 0.0256122 0.0363436 0.0516797 0.0516935 0.0332835 0.0148859 0.00459022 0.000924683 0.000107082 9.62142e-06 0 0 0 0
1993  0.00380658 0.00730015 0.00712424 0.00881121 0.0126118 0.0172199 0.0239695 0.0352801 0.0511433 0.0529873 0.0352568 0.015755 0.00474153 0.000937456 0.0001072 1.07705e-05 0 0 0 0
1995  0.00292899 0.00570707 0.00607684 0.00848207 0.0125676 0.0169221 0.0223537 0.0321671 0.0485959 0.0537938 0.0381237 0.0178231 0.00540169 0.00104132 0.000110827 1.07868e-05 0 0 0 0
1996  0.00289528 0.00561683 0.00584133 0.00787615 0.0115032 0.0158114 0.0219657 0.0323219 0.0479872 0.053162 0.0386938 0.0186123 0.00576798 0.00112547 0.000121743 1.05177e-05 0 0 0 0
1997  0.0034288 0.00657327 0.00640074 0.00785631 0.0110739 0.0148646 0.0206954 0.0313355 0.0476881 0.0528548 0.0387534 0.0190714 0.00606879 0.00121312 0.00013446 1.17169e-05 0 0 0 0
1998  0.00423755 0.00809393 0.00770901 0.00898263 0.011886 0.0147396 0.019671 0.0295926 0.0459111 0.0519589 0.038421 0.0191416 0.00621958 0.00127266 0.000144608 1.29986e-05 0 0 0 0
1999  0.00499977 0.00956609 0.00920006 0.0107885 0.0139054 0.016205 0.0200635 0.0284664 0.0433077 0.049682 0.0373417 0.0188093 0.00619084 0.00128742 0.00015119 1.47085e-05 0 0 0 0
2000  0.00609223 0.0116218 0.0109862 0.0125776 0.0161765 0.0186478 0.0220692 0.029091 0.0413487 0.0463543 0.0351653 0.0179395 0.00596324 0.00125235 0.000148249 1.49857e-05 0 0 0 0
2001  0.00679544 0.0130111 0.0125643 0.0147797 0.0188457 0.0212817 0.0246529 0.0311559 0.0410609 0.0431098 0.0320494 0.0164492 0.00551919 0.00116856 0.000138803 1.41948e-05 0 0 0 0
2002  0.00787035 0.0150054 0.0141384 0.0161189 0.0207286 0.023745 0.027289 0.0334988 0.0418274 0.0407746 0.0287514 0.0145313 0.00489462 0.00104411 0.000125834 1.33839e-05 0 0 0 0
2003  0.00473659 0.00950061 0.0115764 0.0176766 0.0233856 0.0263083 0.0301551 0.0368731 0.0446111 0.0408667 0.0269654 0.0130728 0.00434314 0.000924737 0.000111868 1.18234e-05 0 0 0 0
2004  0.0035417 0.00698912 0.00794299 0.0122539 0.0195457 0.0273022 0.033773 0.0412369 0.0491044 0.043236 0.0268134 0.0122768 0.00393989 0.000826448 0.000100093 1.0461e-05 0 0 0 0
2005  0.00361766 0.00696833 0.00697744 0.00918666 0.0142452 0.0214219 0.0310612 0.0437708 0.0550731 0.0478443 0.0284648 0.0123412 0.00377722 0.000768814 9.11981e-05 1.0005e-05 0 0 0 0
2006  0.00408315 0.00781693 0.00754741 0.00908242 0.012568 0.017033 0.0250481 0.0394421 0.0571216 0.0534394 0.0315516 0.0131226 0.00382023 0.000743567 8.4484e-05 9.14476e-06 0 0 0 0
2007  0.00424739 0.00817953 0.00816306 0.0101279 0.0134318 0.0163828 0.0218851 0.0337998 0.0531658 0.0559783 0.0351384 0.0145111 0.00406864 0.00075758 8.1634e-05 8.36969e-06 0 0 0 0
2008  0.0047102 0.00904012 0.00885605 0.0107919 0.0144952 0.0176274 0.0221027 0.0313601 0.0481657 0.0543199 0.0373156 0.0161423 0.00450482 0.000813128 8.33261e-05 7.79675e-06 0 0 0 0
2009  0.0029761 0.0059937 0.00743699 0.0116729 0.0160591 0.0193128 0.023879 0.0324181 0.0465601 0.0518972 0.0377755 0.01749 0.00506764 0.000923652 9.14378e-05 7.83595e-06 0 0 0 0
2010  0.00276181 0.00538674 0.00577785 0.00844172 0.0136516 0.0198338 0.0260382 0.034836 0.0477694 0.0507367 0.0370496 0.0180291 0.00551796 0.00104456 0.000104307 8.44929e-06 0 0 0 0
2011  0.00229421 0.0045099 0.00501616 0.00735419 0.0111439 0.0163129 0.0241883 0.0362415 0.0508451 0.0518908 0.03673 0.0180839 0.0057774 0.00114396 0.00012381 9.52974e-06 0 0 0 0
2012  0.00247012 0.00476765 0.00482732 0.00638575 0.00964941 0.0140489 0.0209012 0.0334499 0.051762 0.0546985 0.0377942 0.0182992 0.0059388 0.00121628 0.000139208 1.13279e-05 0 0 0 0
2013  0.00371811 0.00703258 0.00631396 0.00677556 0.00923064 0.0124441 0.0181916 0.0296931 0.0488309 0.0556747 0.039569 0.0189309 0.00609843 0.00126539 0.000150016 1.35516e-05 0 0 0 0
$Observed.Length.Prop.survey.females
1975  0.0486958 0.0529604 0.0563324 0.0509769 0.0508777 0.0536547 0.0543489 0.0450263 0.0446296 0.0357037 0.0310423 0.0262819 0.0165625 0.0115045 0.00743826 0.00416543 0.00376872 0.00238024 0.00158683 9.91768e-05
2011  0.013998 0.0146085 0.0205746 0.0247908 0.023207 0.029068 0.0335455 0.0333674 0.0561385 0.0606166 0.0697975 0.0756634 0.0891552 0.0654079 0.0382928 0.0159264 0.00716694 0.00409374 0.00363348 0.00197421
2013  0.0295702 0.0260671 0.0255956 0.0273356 0.0241055 0.0196826 0.019602 0.0289211 0.0478099 0.0582821 0.0780549 0.0874774 0.0703162 0.0507716 0.0227438 0.00813521 0.00299972 0.00133282 0.0018841 0.00106337
$Predicted.length.prop.survey.females
1975  0.0328637 0.0610955 0.0497634 0.0479978 0.0598783 0.0526553 0.0476809 0.0498056 0.0483877 0.0408186 0.0315252 0.0262845 0.0223053 0.0189973 0.0162064 0.014182 0.0120905 0.0114709 0.00990832 0.00534191
2011  0.0102479 0.019326 0.0177892 0.0222859 0.0304123 0.0309825 0.0352332 0.0476741 0.0653305 0.0704101 0.0613215 0.052837 0.0460961 0.0421711 0.0389021 0.0343139 0.0268175 0.0221849 0.0169301 0.00851072
2013  0.0171439 0.0317527 0.0249982 0.0221335 0.0277247 0.0266128 0.0278527 0.0348861 0.0458673 0.0553247 0.0603397 0.0617007 0.0554758 0.0465708 0.0390815 0.0342432 0.0291679 0.0269951 0.0222906 0.0115185
$Observed.Length.Prop.survey.males
1975  0.0354061 0.0434395 0.0524645 0.0520678 0.051572 0.0519687 0.0439353 0.0319349 0.0260835 0.010116 0.00178518 0.000495884 0.00029753 0.000198354 9.91768e-05 9.91768e-05 0 0 0 0
2011  0.011735 0.0158627 0.0202017 0.0174497 0.0194531 0.0242261 0.0266269 0.0334664 0.0604412 0.0535805 0.0274649 0.00722165 0.00101838 0.000134749 3.7047e-05 2.0142e-05 0 1.46494e-05 1.90724e-05 0
2013  0.0185089 0.0208261 0.0196958 0.0204223 0.0169277 0.01858 0.0238232 0.0303157 0.0644987 0.0695031 0.0435741 0.0185164 0.00221358 0.000743057 4.59519e-05 3.40421e-05 1.02832e-05 1.02832e-05 0 0
$Predicted.length.prop.survey.males
1975  0.0240883 0.0452332 0.0386944 0.0359511 0.0393009 0.0352165 0.0310977 0.0287543 0.0259498 0.018952 0.0107401 0.00465917 0.0014276 0.000287515 3.33068e-05 3.33273e-06 0 0 0 0
2011  0.00752139 0.0144565 0.0142667 0.0173463 0.0225182 0.0266015 0.0326354 0.0410151 0.0468937 0.0386375 0.0233856 0.01061 0.00327596 0.000639643 6.90252e-05 5.31292e-06 0 0 0 0
2013  0.0125618 0.023456 0.0193242 0.0169046 0.0196112 0.0212123 0.0247845 0.0326244 0.0435399 0.0417938 0.0261744 0.0115484 0.00357302 0.000728465 8.60544e-05 7.77372e-06 0 0 0 0
$Observed.Age.Prop.survey.females
1984  0.0348832 0.0567516 0.100234 0.152887 0.0826044 0.0523213 0.0221868 0.015966 0.0112739 0.0120878 0.0067799 0.00802548 0.0429016
1987  0.0780105 0.0911365 0.0699884 0.0794128 0.0519354 0.117249 0.0693188 0.0334782 0.00904543 0.00975289 0.0168023 0.00264036 0.0223988
1990  0.0565868 0.0671204 0.117762 0.114402 0.0673832 0.0757948 0.0452934 0.0249431 0.0389512 0.0237053 0.0132004 0.00765643 0.0561854
1993  0.0616716 0.0703988 0.0620744 0.0912863 0.0862674 0.100883 0.116822 0.0536798 0.0222366 0.0263156 0.0163418 0.0033374 0.0273578
1996  0.0599534 0.0710911 0.0719168 0.0919504 0.0925027 0.0753888 0.0823874 0.087702 0.0237955 0.0135107 0.00934978 0.0061293 0.0190932
1999  0.127204 0.143474 0.0795077 0.0590396 0.0513091 0.0545125 0.037364 0.0320486 0.0308764 0.0289716 0.0136622 0.0133035 0.0467972
2001  0.122358 0.160411 0.111521 0.058275 0.0663182 0.0357876 0.0257146 0.0231489 0.018329 0.0138969 0.0126235 0.0164209 0.0585411
2003  0.0786157 0.151667 0.143416 0.120901 0.0745114 0.0449757 0.0284874 0.0232266 0.0176146 0.0117135 0.009037 0.00625229 0.03491
2005  0.050255 0.0579936 0.122114 0.13015 0.129492 0.0730133 0.02732 0.0173396 0.0251628 0.0166124 0.0100482 0.00772021 0.0436866
2007  0.0689232 0.067645 0.0623804 0.0815442 0.0624996 0.101934 0.0575282 0.0408669 0.0302272 0.0186459 0.0189696 0.00702596 0.0672115
2009  0.0534163 0.104496 0.0974111 0.0742848 0.0739878 0.0528958 0.049316 0.0714628 0.025812 0.0200036 0.00945944 0.0110696 0.0546585
$Predicted.age.prop.survey.females
1984  0.0602682 0.0741114 0.123986 0.110767 0.0674154 0.0487173 0.0401717 0.0392503 0.0247818 0.0337726 0.021641 0.0134844 0.0269066
1987  0.0959204 0.108213 0.102139 0.0627914 0.0485109 0.0646726 0.0528253 0.031123 0.022226 0.0182493 0.0178133 0.0112452 0.0434729
1990  0.0741458 0.0915278 0.104397 0.104528 0.0740237 0.0556202 0.0312251 0.0233212 0.0306979 0.0249665 0.0146979 0.0104951 0.0428667
1993  0.0663971 0.0779109 0.0858197 0.094039 0.0726664 0.0657657 0.0598882 0.0408586 0.0302822 0.0169317 0.0126388 0.0166364 0.0504145
1996  0.0531651 0.074096 0.0838036 0.0916225 0.0671392 0.0585047 0.058104 0.043078 0.0383267 0.034733 0.023698 0.0175685 0.0560558
1999  0.0852809 0.0975648 0.0833406 0.0647923 0.0564545 0.0505617 0.0501642 0.0353085 0.0302312 0.0298388 0.0221197 0.019691 0.0678457
2001  0.102215 0.118479 0.0989963 0.0752545 0.0520879 0.0370998 0.0311604 0.0274363 0.027076 0.0190604 0.0163247 0.0161128 0.0592139
2003  0.0681855 0.142563 0.11789 0.0908073 0.0614772 0.0428118 0.0285645 0.0199932 0.0166916 0.0146978 0.0145119 0.0102158 0.0491223
2005  0.0593359 0.0738427 0.0959173 0.133299 0.0893036 0.063007 0.0411206 0.028116 0.0186189 0.0130308 0.0108884 0.00958777 0.0481743
2007  0.0730352 0.0926269 0.0819569 0.067779 0.0713444 0.0908435 0.0586752 0.0406975 0.0264144 0.0180625 0.0119656 0.00837437 0.0441188
2009  0.0505217 0.109308 0.10071 0.0848581 0.0608196 0.0460638 0.0467216 0.0584455 0.0375234 0.0260302 0.016903 0.0115585 0.0412483
$Observed.age.Prop.survey.males
1984  0.00541401 0.0426822 0.0513093 0.0391507 0.0493277 0.0525478 0.0363836 0.0262774 0.0238075 0.0160863 0.0101486 0.00852088 0.0394409
1987  0.0803982 0.0689777 0.0801708 0.0359164 0.0237885 0.0242054 0.00451008 0 0.00684724 0.0102203 0.00344889 0.00344889 0.00689777
1990  0.0364803 0.0506509 0.0527299 0.0456231 0.0469422 0.00695865 0.0240829 0.0131144 0.0127989 0 0 0.000817259 0.000817259
1993  0.0396908 0.0216676 0.0273386 0.0670933 0.0306504 0.0290265 0.0205039 0.00361872 0.00488463 0.00574775 0.00309445 0 0.00801105
1996  0.0366446 0.0374647 0.0391761 0.0613313 0.0302856 0.0424349 0.0155447 0.0115041 0.0110994 0.00521619 0.00123023 0.000503029 0.002794
1999  0.0781839 0.0745713 0.0373336 0.0188664 0.0208874 0.0152184 0.00978688 0.00579028 0.00487576 0.00814984 0.00182904 0.000621469 0.00581554
2001  0.0891098 0.076395 0.0430896 0.0236392 0.012882 0.0115554 0.00526076 0.00481603 0.00360727 0.00300289 0.00112513 0.000231869 0.00193857
2003  0.0424234 0.0862444 0.0483582 0.0334733 0.0125223 0.00877804 0.0028734 0.00512954 0.00277762 0.00346049 0.00227566 0.000290887 0.00606428
2005  0.0444542 0.0377251 0.04349 0.0850574 0.0259778 0.00918315 0.00950028 0.0103398 0.00551906 0.00620463 0.00251039 0.00195357 0.00717727
2007  0.0401598 0.0526982 0.0346959 0.0397357 0.0390503 0.0360652 0.0151389 0.00761745 0.00673408 0.00774285 0.00631873 0.00406342 0.0245776
2009  0.035803 0.0640254 0.0479546 0.0418627 0.0361117 0.0134625 0.01248 0.0132066 0.00896649 0.00621588 0.00478552 0.00137335 0.0154785
$Predicted.age.prop.survey.males
1984  0.0437073 0.0420363 0.0645127 0.0555219 0.0320014 0.0212276 0.0156767 0.0134967 0.00742981 0.00871713 0.00480462 0.00257308 0.003022
1987  0.0695628 0.061378 0.0531328 0.0314515 0.0229972 0.0281218 0.0205469 0.0106549 0.00663475 0.0046959 0.0039495 0.00214714 0.00552456
1990  0.0537716 0.0519143 0.0543099 0.0523678 0.0351064 0.0241939 0.0121461 0.00798201 0.00915318 0.00640358 0.00324216 0.00199355 0.00490282
1993  0.0481521 0.0441918 0.0446619 0.0471601 0.0345145 0.0286643 0.0233691 0.014036 0.00904405 0.00433761 0.00278102 0.00314837 0.00568991
1996  0.0385561 0.0420281 0.0436154 0.0459686 0.0319256 0.0255513 0.0227444 0.0148661 0.0115066 0.00893563 0.00522489 0.00332154 0.00586038
1999  0.0618469 0.0553394 0.0433682 0.0324913 0.0268265 0.0220689 0.0196257 0.0121832 0.00909403 0.00771372 0.00490687 0.00374474 0.0075966
2001  0.0741275 0.0672033 0.0515311 0.0377661 0.0247703 0.0162028 0.012204 0.0094753 0.00813415 0.00491448 0.00361893 0.00306964 0.0064659
2003  0.0494491 0.0808636 0.0613611 0.0455675 0.0292443 0.0187117 0.0111945 0.00690997 0.00502321 0.00379472 0.00321245 0.00194089 0.00519514
2005  0.0430312 0.0418842 0.0499156 0.0668744 0.0424768 0.0275364 0.0161161 0.00972787 0.00561484 0.0033702 0.00241396 0.00182359 0.00497307
2007  0.0529661 0.0525394 0.0426598 0.0340123 0.0339277 0.0396894 0.022999 0.0140724 0.0079508 0.00467081 0.00265934 0.00159622 0.00436239
2009  0.036639 0.0620011 0.052421 0.0425868 0.0289347 0.0201354 0.0183157 0.0202133 0.011302 0.00672739 0.00374819 0.00220193 0.0040627
$observed.catch.biomass
 514 514 514 514 514 2469 2276 1697 1315 1886 1185 4477 10007 4883 2776 3045 9449 8409 7579 7848 7433 4639 6331 3457 1539 1221 4963 5138 2584 7706 10034 15970 15559 23560 18428 22583 16319 12975 16207 24252 19964 21231 29994 15304 19770 27653 25494 29293 24937 24268 30903 20713 21000
$predicted.catch.biomass
 530.104 530.308 530.472 530.627 530.783 2474.48 2285.22 1713.79 1334.77 1901.7 1205.73 4445.64 9814.44 4848.72 2781 3051 9271.32 8291.71 7514.74 7793.49 7401.76 4667.34 6337.19 3510.03 1588.04 1266.79 5008.02 5182.85 2645.41 7729.16 10031.8 15824.7 15463.6 23230.6 18242.3 22327.6 16223.8 12951.1 16046.7 23813.2 19667.7 20921.3 29552.3 15268.5 19710.7 27518.6 25473.1 29243.2 24871.9 24195.4 30689.8 20661.7 20829.5
$estimated.annual.fishing.mortality
 0.00240321 0.00235383 0.00231396 0.00227678 0.00223982 0.0103011 0.00941994 0.00699613 0.00539316 0.00760758 0.00477095 0.0173875 0.0380175 0.0182235 0.00973686 0.00965628 0.0260893 0.0206832 0.016695 0.0156847 0.0138283 0.00821995 0.0105627 0.00554195 0.00237154 0.00178718 0.00670078 0.00668569 0.00327782 0.00913763 0.0112923 0.0170699 0.0161423 0.0238756 0.0187314 0.0230413 0.0168971 0.0136102 0.017016 0.0256169 0.0212928 0.0222813 0.030487 0.0149694 0.0181638 0.0240721 0.0214039 0.0239784 0.0201956 0.0194713 0.0245083 0.0164286 0.0165987
$initial.number.of.recruitments.age.3
6.4254e+07 1.45192e+08 1.3685e+08 1.29266e+08 1.22513e+08 1.16473e+08 1.10409e+08 1.0664e+08 1.05603e+08 1.07123e+08 1.11311e+08 1.18535e+08 
$estimated.number.of.recruitments.age.3
1.24671e+08 1.27149e+08 1.23913e+08 1.28371e+08 1.26417e+08 1.24633e+08 1.23734e+08 1.27298e+08 1.33435e+08 1.44491e+08 1.53661e+08 2.31892e+08 3.22203e+08 4.1643e+08 5.23853e+08 3.09955e+08 3.9641e+08 3.28252e+08 3.23815e+08 3.68308e+08 5.09253e+08 5.10062e+08 3.15797e+08 3.44998e+08 5.03161e+08 5.52706e+08 6.58469e+08 5.89302e+08 5.35491e+08 5.8299e+08 4.75679e+08 4.47002e+08 5.11581e+08 4.17712e+08 3.81983e+08 3.68037e+08 4.22942e+08 5.1249e+08 6.01698e+08 7.44677e+08 8.62372e+08 1.07845e+09 6.925e+08 5.51362e+08 5.95045e+08 6.95494e+08 7.36172e+08 8.26188e+08 5.12623e+08 4.72627e+08 3.83861e+08 4.0096e+08 5.87678e+08 
$selectivity.fishery.females
 0.0536681 0.130025 0.257452 0.403643 0.568994 0.782711 0.933239 0.91782 0.876993 0.876993 0.876993 0.876993 0.876993
$selectivity.fishery.males
 0.0520979 0.104007 0.193967 0.320637 0.466286 0.618139 0.769592 0.907793 1 1 1 1 1
$selectivity.survey.females
 0.418321 0.686784 0.869946 0.953361 0.984326 0.994927 0.998455 0.999618 1 1 1 1 1
$selectivity.survey.males
 0.303372 0.452581 0.610844 0.748776 0.849868 0.914939 0.953392 0.974978 0.986747 0.986747 0.986747 0.986747 0.986747
$obs.sexr
 77 78 79 80 81 84 85 86 87 88 90 91 92 93 95 96 97 98 99 100 101 102 103 104 105 106 107 108 109 110 111 112 113
 0.615473 0.638135 0.738773 0.666195 0.736897 0.749475 0.800898 0.78866 0.662667 0.635071 0.661765 0.808939 0.5 0.420436 0.791667 0.86333 0.684411 0.730038 0.622567 0.667372 0.672151 0.716149 0.649666 0.658962 0.662737 0.690963 0.645205 0.637245 0.634352 0.684761 0.583708 0.634044 0.589178
$pred.sexr
 0.725555 0.725704 0.725988 0.726096 0.726491 0.72715 0.727559 0.727681 0.72759 0.727022 0.725825 0.72079 0.711823 0.700525 0.690395 0.691481 0.693237 0.698005 0.704151 0.708678 0.708004 0.70665 0.710187 0.713364 0.714265 0.715761 0.714964 0.71296 0.712059 0.713316 0.717224 0.721064 0.722865 0.725162 0.72783 0.730622 0.731912 0.731943 0.72997 0.724502 0.717361 0.709604 0.708837 0.711064 0.7143 0.717413 0.719995 0.719603 0.720373 0.722959 0.728262 0.733577 0.735991
$obs.sexr.srv1.from.lengths
 75 111 113
 0.598036 0.681026 0.631751
$obs.sexr.srv1.from.ages
 84 87 90 93 96 99 101 103 105 107 109
 0.598903 0.65117 0.708984 0.738672 0.704771 0.71807 0.723347 0.745329 0.710907 0.685402 0.698274
$pred.sexr.survey
 0.692259 0.692005 0.692294 0.692103 0.692406 0.69302 0.693466 0.693552 0.693221 0.692131 0.690686 0.683307 0.673742 0.665252 0.659614 0.666598 0.667551 0.671325 0.675135 0.677211 0.675104 0.675387 0.682126 0.685273 0.683063 0.681774 0.679202 0.679992 0.681958 0.682513 0.685956 0.689331 0.690249 0.693809 0.6971 0.699895 0.700012 0.697436 0.693194 0.686768 0.680517 0.673866 0.677532 0.681699 0.684242 0.685143 0.685894 0.685295 0.690711 0.694948 0.700067 0.703721 0.702014
$likelihood
33.8743   3007.8 285.051 590.51 34.0034 0.0120448 43.6681 4.74767 0 1744.41
$projected.biomass
 1.95778e+06 1.75526e+06 1.60039e+06 1.48736e+06 1.40585e+06
 1.95778e+06 1.72156e+06 1.54571e+06 1.42035e+06 1.33199e+06
 1.95778e+06 1.9505e+06 1.94347e+06 1.94116e+06 1.94319e+06
 1.95778e+06 1.92627e+06 1.73359e+06 1.59007e+06 1.48442e+06
 1.95778e+06 1.92627e+06 1.70108e+06 1.53708e+06 1.41896e+06
$projected.female.spawning.biomass
 1.20369e+06 1.03384e+06 883218 765492 681609
 1.20369e+06 1.00685e+06 838859 710877 621280
 1.20369e+06 1.19098e+06 1.16464e+06 1.14218e+06 1.132e+06
 1.20369e+06 1.17141e+06 995288 855274 752584
 1.20369e+06 1.17141e+06 969363 812699 699697
$Future.Yield.F40.F35
 193736 167063 145730 130233 119729
 227247 191324 163439 143605 130352
 0 0 0 0 0
 24015.8 187308 161718 142709 129364
 24015.8 219720 185281 160208 142845
$Future.Fishing.mortalities
0.166158 0.197267
$Biomass.ref.points
1.15198e+06  460791  403192
$mean.recruitment
2.78506e+08
$future.Estimated.numbers.of.female.fish
 2.78506e+08 2.40361e+08 1.33978e+08 1.04523e+08 1.04585e+08 9.18717e+07 1.19404e+08 8.55154e+07 6.48611e+07 4.45654e+07 3.31871e+07 3.34838e+07 1.37426e+08
 2.78506e+08 2.27783e+08 1.96294e+08 1.09144e+08 8.49074e+07 8.46848e+07 7.40823e+07 9.60025e+07 6.87759e+07 5.2206e+07 3.58702e+07 2.6712e+07 1.37563e+08
 2.78506e+08 2.2562e+08 1.81771e+08 1.52754e+08 8.25203e+07 6.21355e+07 5.94142e+07 5.04549e+07 6.55832e+07 4.73635e+07 3.59524e+07 2.47025e+07 1.13131e+08
 2.78506e+08 2.2562e+08 1.80044e+08 1.41452e+08 1.15492e+08 6.03886e+07 4.35938e+07 4.04649e+07 3.44678e+07 4.51648e+07 3.26175e+07 2.47592e+07 9.49207e+07
 2.78506e+08 2.2562e+08 1.80044e+08 1.40108e+08 1.06947e+08 8.45175e+07 4.23682e+07 2.96902e+07 2.76432e+07 2.37367e+07 3.11034e+07 2.24625e+07 8.24193e+07
$future.Estimated.numbers.of.male.fish
 2.78506e+08 2.06886e+08 9.92987e+07 6.67482e+07 5.75749e+07 4.36218e+07 4.89485e+07 3.0271e+07 1.97851e+07 1.16858e+07 7.47167e+06 6.47027e+06 1.64605e+07
 2.78506e+08 1.96061e+08 1.45496e+08 6.97113e+07 4.67444e+07 4.02062e+07 3.03725e+07 3.39812e+07 2.09584e+07 1.36739e+07 8.07629e+06 5.16383e+06 1.5848e+07
 2.78506e+08 1.94253e+08 1.35356e+08 9.868e+07 4.61137e+07 3.00455e+07 2.50803e+07 1.83885e+07 2.002e+07 1.21251e+07 7.91074e+06 4.67237e+06 1.21559e+07
 2.78506e+08 1.94253e+08 1.34108e+08 9.1803e+07 6.52765e+07 2.96401e+07 1.87421e+07 1.51844e+07 1.08335e+07 1.15821e+07 7.0147e+06 4.57659e+06 9.73566e+06
 2.78506e+08 1.94253e+08 1.34108e+08 9.09564e+07 6.07273e+07 4.19571e+07 1.84893e+07 1.13471e+07 8.94586e+06 6.26752e+06 6.70061e+06 4.05821e+06 8.28005e+06
